
100 100
33369 90709 48951 75139 42415 58725 67115 89713 37665 74111 39117 53828 17584 83845 80313 20817 68446 96833 82601 99921 94271 7043 40297 87850 57512 30278 43553 93054 99075 48443 26218 39943 1893 18376 42601 62202 29884 30011 71913 13028 45124 68449 82991 45799 78996 45751 79807 66730 68495 85814 5633 23273 48094 88489 51266 93210 47096 60742 1024 2851 64308 83722 74033 49562 8754 88706 41692 97236 52885 63992 97328 45899 77114 26222 11990 62995 76657 59887 80663 75306 449 14074 58857 82778 22320 48699 84769 65839 71880 89943 46307 42782 28712 85898 6691 6984 97950 9966 62213 85060
S 24 65
S 51 58
M 56 76
S 35 63
M 18 22
S 56 87
M 18 98
S 1 90
P 21 57 60830
P 9 27 39671
P 41 59 88840
M 53 72
S 57 74
M 38 48
S 41 98
S 41 69
M 7 88
S 56 85
P 60 88 31715
M 22 73
P 37 76 55539
S 40 96
P 51 77 77267
P 14 92 65640
S 16 100
S 41 64
P 1 62 93535
M 86 92
P 57 58 89564
M 12 23
M 18 63
P 70 94 84475
P 13 17 57868
P 78 87 45334
M 18 97
S 28 38
S 37 100
S 14 37
M 22 58
S 33 100
S 21 43
P 7 100 77955
S 3 77
P 24 55 11315
S 9 73
S 23 27
S 58 87
P 50 56 81627
S 10 83
S 18 87
S 32 71
P 65 70 73902
P 18 58 28283
P 2 35 16453
M 53 81
M 1 76
S 18 73
S 23 55
M 26 28
S 34 56
M 40 56
S 12 45
M 4 21
P 75 100 54683
M 67 97
S 20 89
P 19 38 7389
M 60 64
S 35 66
S 10 73
M 55 56
P 61 68 10864
M 13 30
P 58 100 53353
M 48 99
M 45 49
S 10 56
M 49 78
P 18 27 77470
M 6 42
M 35 54
P 81 94 31381
S 16 37
P 39 52 42615
P 26 49 25680
M 36 89
P 48 77 90921
M 64 71
S 39 52
S 50 88
S 5 89
P 2 71 7880
M 57 95
M 19 58
P 20 75 94319
M 7 39
P 31 98 64785
M 36 44
P 1 67 56703
M 52 59