10000 5000
3 7377 3106 2798
3 4848 9275 8018
3 4948 5785 1732
2 7267 8602
2 6962 8074
4 2280 9343 8630 8427
3 5277 9967 9628
2 5065 798
3 7558 9146 3441
4 1160 3555 1389 1481
4 9242 9434 7633 8995
2 6402 4518
2 9113 8272
2 519 8027
2 8335 2909
3 5828 3393 8105
2 5843 7118
3 6605 8915 767
3 7219 3386 6787
3 8881 8058 9688
3 4531 5516 9720
4 9847 9136 9896 9884
3 4489 8533 5908
3 5110 6568 9100
3 7215 4455 4051
3 8531 6560 9626
3 4726 6560 3278
2 4417 9050
3 9800 9054 4730
3 3076 5164 3496
2 650 2013
2 9904 9634
4 9952 9933 9283 8418
2 5446 7959
2 5487 4705
4 2430 8335 7014 9008
2 2630 7499
2 5033 675
3 7160 9848 8243
4 6353 7967 1580 7944
2 2722 6926
4 217 5802 9331 8355
3 7165 9117 9466
4 9725 383 7261 8255
3 3593 8616 1789
2 36 6342
3 5809 9246 8460
4 9934 9715 9969 7984
4 9983 9482 8854 9297
4 9441 6136 9489 9344
2 1811 8187
4 8940 6764 176 8913
4 9250 8233 8 8399
4 9811 9931 6628 5496
4 8281 8953 7153 8056
4 7919 9192 650 9761
3 9753 5803 9757
3 4255 3584 8948
4 9993 8505 9375 9953
3 6385 9857 9269
4 7348 6925 3906 7371
3 6231 9747 9700
2 9937 7797
4 9622 7014 9608 9301
4 570 6650 3576 9251
4 9605 9676 9300 9645
3 8879 6384 2775
2 9023 8574
3 4552 3729 5329
2 6072 1025
4 9978 9526 6114 9967
2 9340 4650
3 9 7715 355
2 4898 8143
2 5698 1965
3 8701 6480 652
3 9949 10000 9999
2 9814 9918
2 9995 9976
2 6478 822
3 6963 5767 9336
3 9355 9059 7807
2 1141 671
4 9847 7335 5745 5512
4 9897 5718 9882 7607
3 3524 9709 9161
4 9903 9148 9804 9948
3 7970 8554 874
2 2405 8243
2 5923 7444
3 9952 9825 9882
2 9287 8772
4 9695 6532 9579 9034
2 496 409
2 6521 6931
4 5013 8219 8325 7187
3 7357 9359 5507
2 9870 9723
4 5316 6495 6901 5876
3 9049 9505 941
4 9983 9987 9839 1168
2 6094 338
3 7274 6118 4585
4 9943 9928 9538 9529
4 8497 6634 7098 7318
2 1244 4617
4 9476 3567 9708 4103
2 7465 8276
2 8358 7388
2 2661 5467
3 4917 2987 5697
2 9137 2091
2 5227 3025
4 8612 9724 11 2079
3 7251 7133 8816
2 9743 9791
3 7030 235 1984
4 8055 5853 9509 8228
4 9723 9341 8548 9138
4 5309 6431 3382 6583
3 9147 9731 9437
3 1485 3862 3367
4 8697 7262 9205 8855
3 8007 4417 6285
3 9840 9907 9941
2 1692 7511
3 8515 9595 6199
3 7386 9855 9662
2 2932 9092
3 2489 4749 9510
4 7105 9555 9794 4331
3 8158 2540 419
2 2253 2147
2 2984 5673
4 5193 4270 9481 5792
3 3092 8315 7618
2 9532 7935
4 8626 9204 9745 3570
2 9735 9624
3 9702 9996 9997
4 8813 9845 2654 6122
2 8581 1841
2 3200 9109
2 9517 3257
2 6319 6983
4 7394 9741 1573 3600
3 8046 9824 9442
4 4039 9954 9891 9834
3 9922 8107 9743
3 9357 5699 5744
3 2778 4108 8632
4 1750 9864 9999 9746
4 9986 9076 9976 3719
3 7702 3998 8976
3 1988 9202 4492
2 8912 3191
2 8221 8205
2 9368 6909
2 5777 546
2 67 6249
2 9121 704
2 8274 8809
4 9955 9797 1198 9482
3 7620 4233 7115
4 4705 9859 9916 8418
2 2195 9574
3 8689 8413 2990
3 7330 9096 7301
3 9338 9805 9974
4 4266 859 4581 8179
3 3868 3234 4134
4 9819 8304 9823 9729
2 8293 432
3 9834 9839 9776
4 7473 8935 6602 4935
2 8243 7211
4 7969 7849 9657 7363
3 7899 9120 9270
2 7009 4953
4 9689 9160 9960 1600
3 600 8691 9343
3 3155 2409 7229
2 9418 9950
3 8222 9186 7446
3 9326 9372 9704
2 9954 9585
2 8134 6266
3 9007 9314 8579
4 2876 9391 9803 9579
2 9234 6690
3 9393 9865 8734
3 8376 5313 9765
4 10000 1162 9214 9974
3 5658 2284 5522
4 9221 3804 1143 9235
4 9398 8440 8755 7768
2 3119 6550
2 9262 2976
3 3928 5296 7401
2 3721 1989
3 7457 9239 9189
3 9637 6020 9851
4 3705 1149 9851 6238
3 6642 6719 7431
2 972 9806
2 9613 9936
3 8185 9688 9935
3 8103 8448 8376
3 9513 9835 8625
4 9663 1806 9915 9783
3 7364 9358 8862
2 4126 1229
4 8944 553 1153 9050
4 5259 8792 7355 9744
3 9304 4942 8568
4 6476 9805 9756 8337
3 3185 9873 8708
3 9186 9921 9953
2 7042 9723
3 853 5707 6209
2 5070 7438
2 3626 9675
2 2544 838
3 8444 9691 9930
4 2942 9222 8758 2305
4 9972 6880 9865 9949
4 8727 546 7229 2291
3 5941 8896 9992
4 9202 9966 3046 9925
4 7874 8950 2724 7803
3 3737 9388 4096
3 9423 4306 9195
4 9974 9657 5229 9995
2 7291 4130
2 7381 2905
4 8878 7084 2374 4852
4 7319 1505 7016 7214
3 9368 8488 9388
3 9291 1966 7050
2 5623 7979
4 9829 9986 9802 4548
3 2180 8282 9854
4 9878 3699 8510 9696
4 9738 3397 9467 9980
4 5876 8912 5441 8083
4 5353 9988 9971 9935
2 1804 8534
4 9976 6988 9566 9949
4 8060 9837 9911 8671
2 9640 5417
2 8925 6795
4 2326 7646 7540 8748
3 9804 9946 9783
4 1032 8544 6879 9239
3 9098 7727 3057
3 9702 9028 2975
3 3853 6550 2603
4 9953 9612 4813 2206
2 5234 8549
3 7527 9543 9758
3 7331 6764 8558
2 1635 7274
3 9941 9579 6029
3 4915 9233 9573
4 9891 7661 9042 8958
3 4106 373 7646
4 8398 9690 1231 9601
4 9430 8638 9300 8296
3 7587 9711 9833
4 2511 9764 9570 9846
2 9479 8792
3 9830 9968 6622
4 5580 9937 8776 1582
4 8039 5651 3224 6031
2 9140 7811
4 2111 9990 6974 9844
2 7328 4421
3 788 9481 8249
4 9829 9950 6742 9983
2 9907 9946
3 8620 6843 3437
3 9021 8726 2778
4 1407 6789 2534 5319
4 9262 4406 367 9525
3 5240 9960 9892
2 4070 9898
4 9783 9551 9584 5397
3 9502 3704 8874
4 7159 2918 4302 8336
4 9863 7130 8882 9922
2 5858 6491
3 6737 5065 1521
2 9850 9732
2 4214 8442
3 8035 8925 7736
3 7977 5645 9393
3 4654 5943 4730
4 9846 9878 9919 6784
3 7746 9053 8174
2 2255 6420
3 9237 7840 9642
4 8984 8718 9183 9401
2 8420 6598
3 896 9676 4655
4 9249 8455 9539 9132
2 9645 9564
4 9927 9504 9687 8666
3 60 999 9845
4 1117 7062 9896 9902
3 9105 6599 8802
3 9998 8837 9990
4 9601 8941 801 1859
4 8947 3723 1677 8592
4 7643 8099 6429 7298
2 7583 9106
3 8977 9696 5288
4 7962 9914 1967 6948
2 9484 2966
4 9586 9769 5756 9948
4 9337 8014 9723 9020
3 9872 9832 8898
3 361 9095 8896
3 3067 4761 9730
4 7557 1928 2221 8500
3 1122 9130 8466
3 8359 8778 8885
4 9815 9668 9829 9965
3 9236 9330 1418
2 7812 7799
3 2357 8158 2929
3 3976 1692 9822
3 5796 6454 4498
4 9966 9924 9711 3294
4 9985 9980 9939 4789
3 8687 9764 3470
4 9429 6040 1708 9118
3 3244 9040 9208
3 7344 2805 3021
2 2185 6667
4 8377 8981 9931 3254
3 9278 7483 2159
4 9844 9340 9467 5896
3 9156 6308 9943
4 9281 9639 764 6368
4 9334 8166 7200 9215
3 3622 1667 2831
2 5208 3893
3 5862 9310 9614
2 9578 6971
2 4029 3511
2 4733 2767
4 7648 9119 3256 8622
4 7652 5218 8445 9368
2 4916 8808
2 6046 7790
4 8967 9794 9866 7988
3 9528 7263 5127
2 3208 3833
4 9945 9924 9979 5818
2 4904 4566
3 5518 6867 1700
2 9699 9196
2 5349 6555
4 9272 7432 9866 8225
3 9525 1551 9216
3 5620 326 5032
4 263 5132 9852 5867
2 451 6414
4 1748 9640 7901 8970
4 7327 9268 9442 9629
3 9659 6214 9693
4 8815 7131 8852 2438
3 7260 5155 1921
4 9716 9879 9927 6702
2 6937 9447
2 202 4560
3 8983 9752 8836
3 5228 5449 412
2 2300 3916
3 10000 4668 8299
3 6485 8304 7481
4 9804 2976 9899 4936
2 7958 9378
4 9461 9598 9032 9447
2 2314 861
2 4532 4871
3 9675 9250 8977
3 5854 6063 8763
4 9770 5115 6801 9800
2 9817 9938
4 3254 3066 4895 5684
4 7336 987 1610 3577
3 9880 9748 9560
4 9524 9817 9665 4086
2 3539 5965
3 4992 2532 1151
2 8539 1776
2 931 4232
3 8276 9507 9639
4 9693 5722 9919 9972
3 9129 8200 6641
2 9743 9633
4 9050 286 5561 7151
4 9176 5967 3538 3212
4 9995 8546 9973 8131
2 4652 4208
3 5872 2051 6462
4 9988 6062 9983 5179
3 6471 4474 347
3 8846 6051 5533
3 8614 7163 1356
4 9927 2085 9751 9762
4 9455 8331 9863 9939
4 9744 8786 7527 7049
3 9091 2198 9985
4 8207 8295 6213 4785
2 8921 2946
2 4401 7055
3 9871 8397 8676
4 7101 9802 3150 9797
4 9840 9804 9486 9737
2 7468 7968
2 3673 5098
2 8852 7994
3 9568 7840 9475
3 6164 6792 9077
3 9927 9955 9645
2 1793 2908
2 9483 794
3 9751 9996 9812
4 9163 9456 9727 943
3 5405 6136 4290
2 7068 2319
4 9902 9904 8338 6622
4 6070 8780 9038 8712
3 9643 8818 9730
4 8273 9717 6545 9642
2 9898 9557
3 2661 8690 2375
4 9797 8760 9828 9848
4 9527 9915 9793 9613
2 8780 8552
2 7577 2045
3 4992 8940 8868
2 3590 3412
3 700 3810 8835
3 3555 3079 1365
2 9459 7429
4 5941 9354 6109 4387
2 9731 7642
4 8626 9879 9938 9901
4 3088 9005 9142 6408
3 7518 4643 9257
4 9777 6219 8554 9362
3 8638 9379 9313
2 6448 8199
4 4637 7122 53 4444
2 4719 1309
2 1715 3626
4 9887 9924 9763 9717
4 3256 8155 8186 8290
4 9931 9843 5668 9703
3 9960 9753 9961
2 9523 9569
4 9922 7187 9956 9734
4 9853 10000 304 9999
2 9909 9708
3 6682 3909 6211
2 9906 8432
3 6788 6371 4301
4 2709 6933 8159 7621
3 8791 9838 9038
4 9894 7684 9929 4635
3 7665 7956 460
2 7552 9338
3 9677 7292 9528
4 6955 9655 9980 8771
4 8913 9673 6090 9892
3 4622 4877 5723
2 522 3657
3 5723 8916 3895
3 9986 9808 8650
3 9583 9063 8243
3 8211 9822 9149
3 9721 5902 9594
2 6277 6458
3 9993 9880 7117
2 4712 5117
2 6415 8078
4 1424 6005 9981 9823
2 1107 8056
4 6992 9590 9006 9803
2 9348 9559
3 9438 7887 9435
4 7460 9922 7340 2364
3 9378 9260 5776
3 7559 8728 9221
3 7193 4344 7322
2 7500 8024
2 3104 6169
3 9210 309 7441
2 139 7668
3 9826 9867 8249
4 2409 6054 9477 2661
2 9778 4066
2 9779 1203
3 9814 7231 9479
3 8669 8829 8818
2 8575 5705
4 4310 9158 2483 9514
4 8851 8074 6880 7702
4 5599 7664 8324 5591
3 9933 9948 7477
3 8271 4708 7792
3 5839 9505 8856
4 7132 7642 5314 9773
4 4695 7088 9637 5679
2 530 6727
3 843 1019 6168
4 9914 9994 1165 5544
4 9914 8885 9852 9540
4 2669 9144 9731 2939
4 2689 9962 7069 9624
3 2390 8437 7035
4 7469 9745 9557 8296
3 6577 6214 4491
4 9512 9045 9977 9945
2 6967 4911
4 2794 9516 9350 9980
4 6510 9272 9314 7060
3 7549 6171 8055
2 6203 6548
2 9130 8247
4 8868 8938 5109 3597
2 9293 3756
2 8394 7457
3 2854 597 3877
4 7678 6545 7659 4614
3 9592 7576 6051
3 3531 9561 1069
4 9044 7714 9523 4412
4 8367 7021 3250 6874
2 7684 9905
4 6166 9838 9996 9820
3 8519 7634 5193
3 5521 4174 3707
4 7095 9757 3481 9903
3 8481 9263 5480
4 9819 8883 10000 9997
2 2871 3003
3 6696 7223 4861
3 8305 9999 9995
4 6066 4293 7067 5379
2 6041 6099
2 347 5015
2 7294 7778
3 4233 9427 9953
2 4935 4662
4 9930 9985 6626 9583
2 6036 8240
3 3710 9988 9714
4 9414 8880 9972 7713
2 9293 9226
2 7641 8297
4 7978 3529 9074 8053
3 8397 9303 3247
3 9087 9013 9535
2 518 1369
3 8346 9781 7799
4 6839 6976 5023 7597
4 9528 9979 9910 9525
2 8736 4792
3 8846 4365 9329
4 1202 6103 1292 7412
2 3295 8704
4 7863 8268 7274 5610
2 1001 4297
2 6105 9518
4 964 8921 5588 1209
2 1733 6672
4 2259 1684 9965 9814
4 7938 7735 8815 3741
3 9475 9747 9676
4 8783 6876 6155 4138
4 7440 5250 1662 6733
2 2463 340
3 7637 6891 9496
3 102 4933 5914
3 4098 7961 5679
4 9967 5870 9525 9800
2 4614 329
4 8798 9522 9249 9719
4 8225 8952 7969 3928
2 1530 4035
4 853 8214 7462 5673
4 9657 245 6449 9773
2 9737 9894
3 7907 1805 8506
4 2424 5951 9980 8673
2 2748 3636
3 3085 3633 3411
2 4092 9254
2 3120 9962
2 9894 9933
3 3024 3829 2379
2 3573 4931
2 6038 7244
2 9683 9702
2 8925 1466
4 9008 7821 8564 9985
3 8263 9901 9791
3 9953 7558 9936
2 9849 7350
4 8581 9560 8674 9739
2 3292 3834
2 8850 7665
3 5309 9299 9643
2 9929 9900
2 2000 1987
4 4424 1541 3516 5760
4 7262 6985 5766 9282
4 9153 9845 9980 9989
3 9252 9239 2104
3 8933 8989 8222
3 1228 6425 3207
4 9954 9010 9844 9970
2 9635 9944
4 5011 6988 8849 8943
4 8650 5602 9470 7024
3 3901 8863 8205
4 7971 9886 7389 6074
3 9224 3236 9920
4 8327 7486 9940 6785
4 9014 8591 9676 9754
3 9761 4870 9953
3 8516 1411 9505
4 7162 5087 8499 5432
4 9689 9396 9776 9578
2 451 5751
4 6262 9687 7643 9606
2 8847 7981
2 9813 6039
3 8514 7744 4050
3 8441 2483 8810
2 820 7150
4 8953 3396 9131 9825
4 9926 9896 9407 8724
3 7673 9304 7508
3 817 9480 9777
4 6092 6341 4736 9163
4 7498 9817 9872 8838
4 3142 9967 3097 6603
2 6094 5716
4 9964 9764 9772 10000
4 1514 2887 3985 7751
4 9981 418 2245 8546
3 9149 9985 9998
3 9037 4555 4871
2 4872 1036
2 9244 6764
3 8399 5952 9436
2 9644 7614
4 5396 4103 1020 2708
3 9868 8554 2400
2 9901 8336
2 9796 9853
2 6965 5144
4 8773 7816 9765 9462
3 7688 9535 7280
3 9943 9024 9971
2 9128 9446
4 9925 9820 9960 8257
2 7381 8850
4 9764 9926 9876 6782
4 8679 8190 8534 4441
2 6886 7497
4 9755 4878 9017 9776
2 9749 9852
4 4527 3643 8105 6188
3 9756 7509 4646
4 9989 9164 9899 8555
2 9969 8230
4 9398 9939 4674 8866
4 9770 7620 9923 7876
4 2518 9735 9818 107
3 7844 8540 4914
3 8847 9708 8597
2 4778 5144
4 9698 2214 9769 9934
4 7368 8006 9502 4361
3 6107 2340 3250
2 9619 6227
2 9689 6753
2 5304 2304
3 8946 7777 8885
2 9973 9893
3 9872 9664 5876
2 8915 8411
2 6292 7244
2 6199 815
2 6642 9755
4 8386 4355 9212 9846
2 6771 8712
3 8730 8061 2576
4 6799 6448 6369 4041
3 9254 9224 9425
2 2848 2241
4 8227 8545 9613 5482
3 7518 6461 6201
3 637 7709 2802
4 8671 9781 8851 9581
2 4089 6698
3 7391 1209 6367
2 9746 8079
3 6976 9876 7249
2 7456 7088
4 8702 8536 9767 9322
4 9582 9972 9848 9969
3 7052 6532 8017
4 4324 9735 9912 7607
2 8793 3969
4 9542 9202 8133 9496
3 5314 2035 7003
3 9294 9720 8723
2 4589 1560
4 9798 9993 9757 9789
4 9581 9991 9919 9394
3 8724 9415 8286
4 4632 9501 8757 9404
2 6117 4285
3 5304 3502 9197
4 9042 7272 7783 9269
2 3182 9430
3 7155 9836 9658
3 5643 9317 9307
3 5135 8570 7769
4 9310 8939 9937 9744
2 8937 9940
2 9998 9999
3 7693 6702 8796
3 8760 2199 6354
4 9703 8904 9690 4492
3 4997 3263 3759
3 9948 2856 9176
4 9638 9437 5358 8379
2 9553 4673
3 28 9002 5358
4 8412 4895 4297 5786
3 2795 4618 7915
3 825 8391 8441
3 8879 2353 2802
3 6682 9327 6411
2 4404 1749
2 9133 4043
3 3562 8748 9080
3 8992 760 5489
4 5216 1660 6883 9630
4 10000 9980 9469 9987
4 8443 4953 8006 8833
2 5726 1085
2 4374 2668
4 6584 1159 5135 2261
2 5339 9720
3 6727 4441 9672
4 2991 8002 2187 8617
4 7656 6319 9922 8254
3 708 1306 3640
3 9129 9924 9989
3 2723 6187 2946
3 9070 1845 9016
3 8436 2126 8959
4 8320 7719 2437 3810
3 4803 6059 2864
2 2506 8311
2 5683 5332
3 6867 2879 2873
3 7046 3127 7615
2 1703 5882
2 8896 1291
4 583 3464 9926 9680
4 324 5928 4791 5968
2 9922 9783
3 8764 8920 4452
4 5200 9820 2369 9649
3 9067 9260 7345
4 7951 8479 6419 5568
4 9994 9998 9996 9716
2 5689 8892
4 519 9930 6818 7786
2 9796 9761
2 6762 4048
3 6791 6580 9205
3 9952 9430 9975
4 8218 9922 9958 9747
2 7059 3655
2 2791 3390
2 8671 1124
3 5123 9811 6161
4 5633 5603 4807 2750
2 8147 6353
3 1698 7957 8759
3 7523 6874 4956
3 906 5969 7164
4 9603 9956 9781 6938
2 9191 9240
4 9984 9362 9969 9577
3 2326 8668 2117
3 6112 5632 8855
3 9876 9821 8939
2 9720 9511
3 8165 8701 6419
4 9974 9620 9001 9994
2 4120 2914
2 2374 7068
4 8006 4764 5245 8225
2 6447 8394
4 9851 9996 8593 9461
4 6262 9970 9956 9948
4 9994 7507 5653 9998
2 5479 8388
3 4485 9619 5403
3 9904 9957 9744
2 7457 7317
4 9893 9832 9783 9958
4 9951 9995 9999 9644
2 5509 6115
2 6042 9804
2 6878 9249
4 9459 9464 5178 6209
4 9922 1820 9444 9387
3 9436 8879 8383
4 9763 9970 9866 2320
4 9659 6885 9324 7978
4 9504 7044 503 8406
2 2379 4916
2 3992 8011
2 7794 5166
4 7713 9139 8773 6684
3 473 5810 6620
4 9756 9677 9576 7592
4 9959 9938 9872 9071
3 9061 9264 8378
2 8588 6731
2 7638 217
2 2335 3068
4 6493 2713 6967 7621
3 7254 8481 9894
2 3763 9222
2 5438 5063
2 8214 9247
3 8981 4296 9090
3 2194 5711 6516
3 9117 9834 2013
2 2922 3139
3 7713 9845 9986
3 8088 8341 9830
3 2783 8958 9352
2 1858 8541
2 1171 2516
2 8130 285
3 142 7817 7723
3 9275 9786 8594
4 8110 9974 9999 9687
3 5143 9541 6385
4 1334 9672 9688 968
4 8930 9299 6817 4421
4 1534 8319 1658 8539
2 9699 4078
2 8955 9710
2 9132 2915
3 8256 9701 9851
3 9352 9576 4661
4 9837 9945 9989 3177
2 3884 6433
3 6196 7366 4411
2 1105 7917
2 4862 9995
3 6301 8635 7445
2 9204 535
3 8358 7622 9150
2 4009 6951
3 9254 9587 8980
3 8151 9888 1011
2 4973 297
4 9547 8386 9610 8341
3 8289 9458 6692
4 9172 5999 8217 9884
4 6886 9373 3942 6436
2 8305 7512
3 9476 9486 6250
4 9045 3027 7850 9940
2 8279 8935
3 5745 7495 9802
3 3233 8414 3351
2 6810 9578
2 4823 8746
3 7319 8664 9856
2 2029 7991
3 8644 9618 9576
3 6626 9228 601
2 4878 4390
4 7473 2968 5446 8091
3 9997 9858 9989
4 4926 9748 2807 8595
4 6243 6346 8251 9841
3 8471 9719 9632
4 9979 9368 9326 9860
3 9305 5972 9313
4 9975 9385 9980 8774
4 9970 9965 8839 9951
3 7969 9427 8825
3 7316 6837 4708
2 7811 2448
2 7716 8236
2 6213 6901
4 8265 6867 9873 9987
2 2819 2995
4 7853 604 8311 9743
3 6028 7907 7765
3 7872 6444 7272
3 9535 6210 8665
4 6972 9764 9845 8683
4 2646 9865 9504 9965
4 9602 3684 8784 8117
2 1007 996
2 8269 8845
2 5037 3539
3 7864 7385 4636
2 5372 2246
4 9999 8198 7855 7490
4 9994 9995 8999 2174
2 9180 6996
4 8390 7022 9451 8242
2 6924 9779
4 565 9339 9067 7548
3 3692 9178 9231
2 6866 8728
3 1150 9523 3181
3 8939 2444 8684
4 7508 9994 7974 9300
2 177 3055
4 9842 9975 9837 9958
4 9471 9384 9935 9672
4 4956 7761 9908 9417
4 3777 1888 4721 4140
3 9986 8505 9996
2 1370 2750
4 9933 9980 7292 6324
2 8951 9733
3 7127 6141 4227
3 6110 6164 5076
3 9918 7912 8468
4 772 5830 9941 9955
3 8485 7797 3261
4 6745 8929 9938 9864
4 8974 634 9738 9795
3 8579 5336 9306
2 3000 2019
3 1554 7154 1027
2 9803 9597
3 6448 7564 6116
4 9654 2273 9628 9520
4 9159 8836 6952 4030
4 9860 9795 9426 5818
2 426 9326
4 8181 5303 9193 7879
3 9269 1426 9280
2 7998 7050
4 9961 9941 8859 7933
2 6440 748
4 9941 9993 9974 9969
4 9718 4860 8959 8969
3 9108 3994 7204
3 7132 9434 7554
3 9731 8359 4166
4 9282 9488 8665 6170
4 6241 7991 2258 6681
2 1665 6752
2 8646 4924
4 9683 9749 9287 7460
3 3823 2934 20
2 7150 6057
3 9742 9981 4374
2 6215 4462
3 9915 9776 6671
3 6313 8522 843
4 9129 5659 9223 8461
4 7134 9964 1147 9968
3 6898 5931 421
3 9651 9063 3250
2 2151 7926
3 8808 4272 5049
3 4557 6827 7849
2 6837 7333
2 7704 8182
2 2386 3568
4 6992 8551 9901 9570
3 9890 7574 8781
3 5477 8868 4124
4 8913 7302 804 9356
2 4235 4949
4 5513 5852 8865 8541
4 8930 9793 9948 9951
4 8929 4405 9822 9849
3 2670 6232 2044
4 8967 3322 9360 9454
3 9743 8824 7447
3 9719 9741 9657
2 2277 6590
4 9239 9981 9947 9688
2 9268 4688
3 6484 1424 9692
2 5351 2610
4 6970 112 3183 8507
4 7948 2816 731 6334
3 7365 7560 8464
2 6291 9633
2 6470 2759
4 7813 8479 7234 3604
2 8480 9975
4 7403 3216 2122 8436
3 9772 7374 9393
3 5402 9315 6007
3 9771 2505 5249
3 5622 8437 9964
2 2849 2121
4 512 5303 9945 9921
2 5901 5661
2 9159 9850
4 7603 9561 9163 9547
3 2341 8804 9020
4 7603 7990 7979 7189
4 9905 9038 9940 9886
3 9118 9796 8594
4 5774 9654 4900 9851
3 9070 8431 8971
2 8395 5304
4 5829 7846 9615 9159
4 8467 9515 2199 4343
3 9084 9675 9921
4 9122 1797 5179 9217
4 6831 6387 7171 4584
4 4757 9602 9509 9953
2 7558 7951
4 6248 6490 895 1187
2 8745 674
4 8728 9669 9396 9260
2 7081 8663
4 1936 3021 3682 7485
3 9843 9770 9447
3 8723 7022 2342
2 7711 7928
3 5883 420 9684
4 5755 8624 5195 9628
4 5261 1125 2705 7097
2 3983 9524
4 8817 9790 9495 9556
3 6410 9431 9290
4 9910 9923 9775 9202
2 8988 8461
4 6931 8215 8056 9345
2 1338 6174
4 8848 9536 6732 810
4 9411 8058 8977 9290
4 9125 1875 9822 9783
4 9820 4353 9685 9502
4 9869 6453 8846 9981
3 8926 7111 9376
4 9997 9976 9875 9983
3 6056 5013 9936
2 2358 8347
3 9391 9835 6910
3 4748 8890 4782
4 9975 9928 8920 7831
2 2563 104
3 4968 9525 9189
3 7918 2982 9950
4 5028 7283 7698 6575
3 9571 8388 1384
4 9719 9666 1298 3703
2 2191 9398
3 8294 9579 1455
2 7972 9353
2 4611 3842
2 8643 2394
2 5180 8824
3 3324 4632 9132
4 9994 2773 9998 9643
3 9444 7733 9218
4 7021 7116 8072 8868
2 7643 938
3 7627 5195 5873
3 3517 8126 9168
3 5479 9757 3667
2 9667 8498
3 7271 9796 8916
2 3052 6744
2 3796 8975
2 6007 3780
3 1536 2973 6844
3 4490 9646 9489
4 1864 5543 4207 2842
4 9533 9883 9705 9965
4 7251 4584 4385 8800
4 2846 9673 9952 9928
3 1094 9739 4097
2 9288 8014
3 9841 9114 9956
4 9285 9488 9454 8503
4 6131 6496 9962 9998
3 866 7954 1365
4 9983 9950 9501 9998
4 5478 9728 1674 6869
3 2196 8920 9784
4 8599 6941 4054 8813
3 9827 9943 9323
4 7993 7183 8835 6510
3 6861 8635 6602
3 2428 9342 7871
4 4157 9886 9976 9992
2 8760 4526
2 6026 3361
2 8962 7422
2 8262 8368
4 9562 9965 9705 9508
2 3089 5250
4 9823 183 7543 9529
2 2474 8945
3 9879 6710 7366
2 8913 9935
2 8422 4362
4 2942 6698 8936 4559
3 1450 5267 9525
4 9836 6903 9847 9910
3 7812 9092 9000
2 232 2958
4 8692 5939 2860 9298
4 8633 9131 6201 8072
3 1517 4367 405
2 9980 9460
2 2993 1711
4 9612 6916 8600 9865
2 6677 5531
4 9224 9228 9295 8719
4 9885 9903 9930 9987
3 4784 3053 4871
3 210 59 3322
3 8498 9884 9903
3 4650 7277 7845
3 7829 9258 7986
2 8980 9628
4 9721 9601 6957 261
3 3243 9343 8200
3 6954 8755 8130
3 8026 9402 9392
4 8439 9933 9984 9987
3 8942 3232 7938
4 9643 9938 5005 9369
2 1010 7240
4 9995 9979 9978 8533
3 4578 9428 6871
2 7715 9298
2 6362 4855
4 9992 9977 9994 3091
4 8555 9939 2164 9436
4 2491 8699 1568 9722
2 7239 7696
3 8800 5950 9489
4 9835 7797 9714 9583
2 8067 9168
3 907 9948 9772
2 8046 6289
3 9680 869 8756
3 9698 9894 8829
3 9692 2997 222
4 8446 7455 8819 9132
3 5440 9390 3148
4 9186 9990 9996 9060
3 6521 9596 7545
3 9392 9609 7623
3 2313 8375 5830
2 6807 7085
3 6738 3336 7195
4 6485 9589 6419 6546
3 7149 9292 5684
3 8641 8448 9138
3 5129 5995 3064
3 7817 4490 8415
2 6436 5060
3 8984 6167 5874
3 9916 9105 4243
4 9987 9943 9981 8876
4 3421 7080 7426 6403
3 9280 4224 9333
4 9584 8222 8993 8551
4 4272 9811 8919 9929
4 9587 7370 7913 9610
4 9022 7571 9001 7656
3 2707 9577 9610
4 3033 6980 5460 1847
2 5027 7933
4 7235 9421 8147 3390
3 7549 9280 9681
4 9776 9390 5030 9654
3 6443 8634 7741
4 5453 9708 5731 9888
4 9957 7711 9847 1365
4 7378 8999 7898 9108
2 8960 9509
3 9594 9662 9642
4 4114 9758 9544 8381
2 2695 6149
4 9309 6834 7054 4400
4 8108 9838 2879 8023
4 9109 5317 2694 9708
4 2390 9809 9648 9394
4 9974 9949 10000 8296
4 9929 8930 3496 9866
3 9838 8664 9444
4 9996 9970 9986 9810
3 9328 1424 7202
2 9213 7408
4 8362 8308 9249 2284
2 2266 6445
4 7552 5536 2546 9549
4 9996 9942 9957 9833
3 6337 9501 9352
3 9491 8942 9651
2 3805 4021
2 3395 7399
3 8536 6792 8854
4 7727 9341 9483 8536
3 7777 8477 8360
3 2485 1639 4787
3 6015 5299 6866
2 7767 6761
2 7675 6580
2 4508 7716
2 8165 8320
3 7023 9076 3235
2 6957 7532
2 5519 5983
4 9873 8621 9951 3919
2 9371 8927
3 7248 9061 8511
4 7599 4352 9220 8514
2 6768 8258
3 8673 9457 9514
2 6075 6460
2 4336 5470
4 9726 5830 7826 9175
4 9944 9865 9561 9875
3 5610 7010 9495
2 6219 6380
4 8972 9166 7060 8604
4 8713 9436 9359 9129
2 3795 851
4 7677 1072 8756 1382
3 9828 9930 9606
2 284 9452
4 9872 9898 9958 9540
3 4904 9110 8630
2 9715 8108
4 9578 5393 9316 9263
3 5960 789 8562
2 7317 7306
2 5919 7534
3 9470 6345 9625
4 9145 9953 8156 9642
3 7630 9286 9037
3 4266 8516 8687
4 9719 8668 9579 9653
2 9744 9782
2 2953 7943
4 9952 8724 1041 9850
2 3589 4650
4 9588 9419 8832 9449
4 9876 9718 128 4095
4 9924 8354 7442 9397
3 9788 9594 9732
2 9347 9715
3 4151 4485 6799
2 5464 5357
2 9543 7664
2 6142 2727
4 5017 1430 2159 9951
3 8421 9462 282
3 9167 6621 5549
3 9884 9646 9547
4 7513 2049 9633 9755
3 9965 9690 9342
2 7414 2938
2 9695 8189
4 7341 9857 9740 9893
3 8785 5596 9340
2 4819 6673
4 6510 3879 8250 4975
2 9839 9966
4 9297 8001 6764 8190
3 9238 3743 7877
2 3647 6526
3 8339 7766 6815
4 7808 8652 9171 9479
4 9922 9950 9983 4715
2 4726 5188
4 5570 7249 525 9197
3 667 8246 624
2 2549 5974
3 5042 4205 2420
4 4188 4895 2112 8068
4 6941 9635 5035 9573
2 5950 5246
4 9873 8837 9318 9672
4 9814 9968 515 9862
4 8530 9817 9863 2487
2 9314 7215
2 2956 8577
2 9275 9446
4 10000 9934 9999 9883
4 2315 9337 9806 9672
3 2907 8320 6587
4 9958 4597 8611 9439
2 4301 9755
3 9994 9508 9880
2 7636 9792
3 9949 9992 8433
4 9974 4636 9894 8015
3 9388 9104 2446
2 6536 8322
2 9922 8365
3 9980 1938 9338
3 4709 717 5149
2 6006 3955
4 4532 8987 7551 8641
4 6477 9589 8574 1549
2 9955 9983
2 6524 8555
3 6576 9978 8974
2 1441 2461
2 8088 3408
2 403 7231
2 6721 7656
4 9394 7910 8085 9626
4 8004 9943 9945 4178
3 9988 9921 9907
4 9549 9906 6944 9857
4 8391 8610 5440 8256
4 2879 8028 9561 9033
3 4315 7856 4365
2 8855 9838
2 7366 9856
2 7329 8916
4 5409 7003 7686 7689
2 2913 8950
3 9802 312 9808
4 9665 9532 2753 5476
3 8453 7771 8214
3 9330 7518 6559
3 3522 9267 1901
3 3902 6821 2389
4 9939 9711 9995 5109
4 8428 6835 2070 5672
4 9906 9768 9990 9995
4 9439 7081 7083 9942
4 9994 9089 9573 9542
2 1898 6312
3 9920 9909 8613
4 3371 2420 8736 8353
3 4232 9430 9373
3 3927 6515 6474
3 2292 8488 1025
3 7986 9838 9489
2 6380 8410
4 9830 9476 9915 5326
3 2470 9270 7638
2 8752 7126
2 5669 63
3 6297 9212 3410
3 7428 7001 8942
4 9843 8897 7589 9926
4 8696 3518 9956 5787
4 9995 9892 9952 8908
2 1792 8766
2 8229 5926
3 8133 7371 3939
4 6587 3042 9671 9834
3 6214 5205 3088
3 628 5721 5797
3 9447 5707 8893
2 6264 822
2 4858 4498
3 8197 7183 7609
3 9215 3047 9751
3 5119 674 4814
2 3004 8366
2 8505 7863
4 8575 9768 9583 9272
3 30 2091 779
2 8839 9595
2 5870 1519
2 8390 1971
3 1711 565 273
2 653 3567
2 9714 9801
3 8263 6452 8810
4 8697 9613 9757 9569
2 9927 4594
2 9047 3849
3 6601 9772 8170
4 7535 7683 6345 7752
4 7786 4508 6388 6882
4 9679 9438 9613 8095
3 8648 7877 5214
4 4223 8309 9448 9173
4 5521 1234 1936 9293
3 2451 3759 7846
4 9835 8768 9602 8540
3 2702 5965 5382
3 8883 7941 6753
3 6320 7088 5642
3 9612 8538 8952
3 9914 7400 3957
4 9955 8257 9972 9989
4 9788 3943 9359 832
2 7778 7501
4 3049 8632 5414 9633
2 2487 5786
3 1741 7688 7605
2 9406 9920
4 9345 7877 9585 3947
3 4100 4089 6869
4 8739 9389 7074 9578
2 3465 6324
3 6945 9804 8945
4 5981 8196 4045 7783
2 5266 7273
3 8596 7306 8356
3 9644 9840 9856
3 1372 4350 2010
4 4425 6966 9015 7001
2 2962 6520
4 2288 4368 8887 8886
2 3159 2055
2 1360 3177
3 2722 8094 40
4 8919 9997 8399 8425
4 9075 9325 521 9607
3 7093 9195 8686
4 9208 9157 9891 9995
2 7121 885
2 817 8913
3 2965 8912 6863
4 5796 9004 9106 4028
3 5952 6636 7604
3 3295 2976 4264
4 9978 8286 9953 9849
4 6418 6572 8243 3241
2 7625 9474
2 5335 7518
2 7721 5607
4 8002 5519 5040 5070
4 8785 9943 9940 7663
4 8863 9592 9682 9723
2 2843 6614
3 3320 5971 7262
2 7070 6677
2 7943 6350
4 9484 8923 7186 8479
4 9614 117 9629 9950
3 9859 9858 9737
4 9867 9666 9688 9787
3 6527 3006 1277
3 4198 2535 4604
2 2679 9056
2 7729 1183
3 5771 9969 9536
3 7066 7141 725
4 1907 7863 3489 5366
4 9616 7835 9640 4265
4 8313 9119 5955 9949
3 6556 8995 3085
2 433 9456
3 4037 8761 2662
3 8670 4277 8335
3 7929 3330 8048
4 9995 8267 9332 9953
3 7763 5625 9512
3 8175 9290 7899
4 6559 7743 5896 8952
3 5028 1782 5243
2 4115 7231
3 9924 9964 9965
3 4581 894 3050
3 7733 9553 1256
4 8517 9540 4969 4095
4 10000 9998 9906 9999
2 5072 7331
2 9236 9350
2 9019 3259
4 9714 5123 5320 4662
2 9950 3523
4 6871 9667 8214 8024
2 7168 3918
2 4025 9755
2 9157 9863
2 3814 8733
2 2615 1283
4 6607 5324 6797 3844
3 7733 6830 9537
3 8581 5983 9547
4 9973 9926 9988 9993
4 9661 9346 4570 9831
4 9879 9987 9329 9361
4 5216 8207 7257 5071
4 4696 9780 3935 4424
4 4513 6659 6035 5772
3 5524 7590 9500
2 4623 37
4 8641 8075 5556 3355
2 9118 7369
3 7169 2987 5890
3 5074 4704 6311
3 8855 8980 6096
2 164 8425
2 9034 1559
3 9350 9876 1732
4 8072 3897 7936 9587
3 8404 9744 7031
2 3190 378
4 9851 3552 9752 9871
3 7316 4969 2928
4 9954 9398 9960 553
4 9583 678 7149 8461
3 9747 6074 9517
2 8544 8749
4 9263 9692 4525 8589
3 9892 9954 9946
4 1360 9217 7213 6894
2 7935 3965
3 9450 8787 2282
4 9671 8107 9694 9847
4 9908 9931 9794 9859
3 9116 9113 9999
4 3281 8445 9908 7871
3 9510 2150 9790
4 9011 6673 9387 9488
4 6132 8817 5371 8304
3 8337 9730 7159
3 9144 9623 8944
3 9265 9283 9201
2 9708 3247
4 787 7109 8795 7679
2 9113 9690
3 7522 9135 1678
4 8356 3408 7124 8520
2 8350 8935
3 2823 1886 5876
2 6831 362
3 9020 9528 8996
3 7505 5170 9846
2 9850 9671
2 9457 9653
3 9776 7570 9784
4 8967 7291 8883 6165
3 1407 9407 9602
2 6082 9633
4 9784 9986 9692 1110
4 3519 4190 8394 3405
2 9414 8793
3 8983 7447 9408
4 9926 9385 9931 9858
3 9892 8854 7965
3 7387 3034 9913
4 6995 9862 9004 8880
2 9884 6994
4 4427 9500 9930 8196
4 7899 9629 9452 9897
4 9951 9802 9839 9888
2 2715 3395
3 9567 9557 8527
4 3417 1430 8016 5598
3 7647 8825 9066
3 7931 8492 8459
4 4033 9420 9955 9994
3 9297 7573 1147
4 7685 9930 9568 9887
3 9963 9084 9110
3 1908 703 4496
2 6508 1695
3 7874 4060 9276
3 7772 2014 8214
4 8512 8909 9680 4500
3 2475 9623 9946
4 9675 9748 2212 9076
3 5902 3711 7954
2 7751 2141
3 3612 490 6794
3 8414 9475 9851
3 9883 6917 9577
4 5399 4885 8473 9866
4 7174 9938 7550 8372
3 8536 7003 8267
4 9879 9148 9669 9682
3 8838 8047 9949
4 8900 4399 7114 8011
3 8328 9648 5108
2 7311 7246
4 8876 8541 7344 9491
2 9992 9351
3 8098 9423 508
4 2122 8482 8584 8992
2 7083 5052
2 9328 3409
4 6849 9401 9691 9190
4 6696 4786 9726 6014
2 9831 1521
3 5198 4790 5344
3 9976 9180 8562
3 5667 3733 4765
3 9265 5473 5074
4 5615 1841 5425 3246
3 9621 9555 4971
2 8620 8386
3 7810 471 3443
3 7263 7885 7603
3 9730 8067 8834
4 3308 4830 7501 8959
2 1080 8321
4 1062 8769 9928 6645
2 9328 9282
4 8012 9113 8706 6078
3 7707 7666 4749
2 2197 7253
4 9666 9596 9229 9835
2 8207 2036
2 4091 1849
2 9760 5839
2 6857 5828
4 8035 9957 9974 9739
2 1858 9389
4 9680 9689 8175 9404
3 9039 3012 1974
4 5746 570 9924 9664
2 7712 7354
2 6741 6587
4 7724 9973 9977 9976
3 7369 6325 845
3 8033 9815 3441
2 6624 6877
3 2361 8403 7752
4 1347 6495 9855 9947
2 9476 5421
3 9243 7901 1664
2 5606 5762
3 5016 4635 9072
4 4176 942 410 4178
3 8240 8649 9408
2 4789 2446
3 9225 8780 4335
3 7645 8249 9848
2 8531 8650
2 6064 4916
2 9242 8115
2 908 3913
2 1924 5418
3 4319 3795 8253
2 4648 7352
2 5056 3079
3 7782 7072 8676
2 7920 6494
4 9695 9862 7778 9818
3 7720 9854 9800
3 8037 7325 9191
2 9213 9744
2 6378 3636
2 3765 5222
3 9996 7041 9998
4 4521 8815 8564 9012
3 9003 7086 6828
4 752 9105 9489 4809
4 9962 9948 9921 7066
3 9786 8424 1395
4 9864 9425 9021 9896
4 9016 9995 9999 9996
2 9335 9624
2 5400 5577
2 2022 9651
2 6538 8123
2 2628 5113
2 6512 4097
3 7592 2812 3556
2 2897 4474
4 8995 3272 5774 9075
2 6263 7788
2 5773 3802
4 1216 7955 9555 9827
2 8436 1341
4 8673 6039 8684 723
2 3301 8218
2 8856 9128
3 5592 3199 7572
2 6045 5256
3 4946 3434 4785
3 6948 8572 5815
2 7201 4921
4 8839 9759 8121 4957
3 5950 6698 8632
2 5337 7307
2 9530 9900
4 3178 9576 9938 5736
2 930 2367
4 9516 9239 9989 9366
3 7762 7509 2130
3 6827 3218 7316
3 9120 8409 8880
3 9663 9760 9972
4 8498 9441 9816 6625
3 8930 4630 7905
3 560 6254 5902
3 1313 5999 9633
4 9836 2756 6529 9617
2 9857 9844
2 1067 3324
2 4680 1609
2 9859 9464
2 9957 8390
2 5950 4683
4 9912 9934 6351 9222
2 7671 9309
2 5634 5691
4 1846 9270 8549 7486
2 6417 4517
2 9504 9403
2 1810 9418
2 8052 6344
2 7727 5516
3 8093 9970 9242
4 5295 8131 6831 7284
2 9240 9629
3 8387 9210 3047
2 7011 4322
2 3358 8573
4 6687 6678 5830 112
2 9951 9756
4 9960 4924 4461 3540
4 8250 9900 4992 9807
3 650 6147 325
4 6581 9986 9949 9999
2 9611 7176
3 6713 6927 9639
4 9949 5975 9945 5884
2 5111 6065
2 1467 8679
4 3788 5206 8985 6561
3 9866 9270 9966
4 1569 3851 9772 6299
3 699 9844 9244
2 6337 8711
2 7013 6913
3 7469 8306 951
2 9100 8754
2 8910 6673
4 7866 8931 5872 9095
2 8363 4980
2 6073 6728
2 6493 1968
3 9157 9983 9924
4 2400 6241 9996 9997
4 9850 9962 8794 9891
3 7934 9313 9857
2 8412 8242
3 7652 7484 9540
3 8350 4529 6652
2 4909 3127
3 9929 9276 8840
3 7172 8916 4730
3 7763 8944 8775
4 9472 4265 4567 9645
3 9812 9945 2990
2 5224 8210
3 3379 8580 4666
2 8796 9404
3 6722 8041 9137
3 9338 7761 463
4 8372 8136 8702 8983
4 9901 9185 8036 9822
2 8524 8573
3 4043 7036 382
4 8700 9914 9938 9904
4 3758 6698 3672 6591
3 8749 7307 7248
4 8048 5488 3486 4843
4 2114 9414 9647 9755
2 170 8480
4 9992 9731 9989 9993
4 7652 4451 9734 8945
2 6138 3825
2 8999 2649
3 8532 9955 8923
2 7029 4219
3 7687 5814 7073
4 4674 5650 6400 5109
4 9712 8432 9702 9799
2 9341 5579
4 9291 9482 1492 6774
4 6756 9594 9808 9892
4 9997 9587 7162 2750
2 6222 6519
2 9911 9834
4 9849 6297 8457 6024
2 1773 522
3 652 5304 9913
3 9517 7265 9600
3 9675 9237 995
4 735 9556 8248 9491
2 1917 9406
4 2809 9803 7260 9378
3 8345 5829 3701
3 1848 2088 5290
2 3651 8100
3 3930 2105 2552
4 9957 9105 9999 9992
2 2397 2198
3 9069 9062 9482
3 7794 9950 8561
4 3629 1445 9595 9819
3 1609 3440 3879
2 3600 3354
2 2595 3999
2 3982 220
3 9083 7668 2580
3 9800 9975 8637
3 9968 4295 8506
2 3102 8071
3 4282 8707 9383
3 9691 4087 9518
2 5069 8149
4 9891 6016 9935 9807
4 4133 8325 9028 3191
2 7261 9396
2 2810 7276
2 9519 9962
4 1377 6724 5217 7727
2 1462 8179
4 9859 9266 9079 9800
4 4156 8792 5632 2236
4 5531 8218 8968 3486
3 9598 5409 9621
2 3579 6748
3 4128 9141 2188
2 8525 7092
2 7113 7698
3 9214 9962 9978
4 8856 9907 8009 4701
4 8889 9235 9742 6939
4 7766 4895 7174 6441
2 3284 7227
4 757 3841 6905 8017
4 4233 4867 5810 672
3 9818 9845 3614
2 8014 5225
2 37 5554
2 7873 8865
2 5603 5345
4 6687 9651 7997 467
4 6512 8734 9983 9413
4 7946 6384 5681 9297
3 9063 7975 7708
2 7262 8101
3 6357 8380 5478
4 8073 9707 9795 9468
3 3002 1915 7081
2 3473 8844
3 7402 8338 7950
4 8715 5611 9050 5295
4 7338 5096 7890 1976
3 6632 7845 7530
2 3351 9678
4 9687 9985 9999 9663
3 4859 6068 3763
3 4552 7186 7453
4 9330 8660 1579 3907
2 2006 2942
3 2285 2520 2514
4 9968 9993 9999 9730
2 8692 5215
2 8176 9030
4 9970 3438 7644 9979
3 9261 4761 1090
3 5022 6980 4035
4 9740 9743 9317 6111
2 7086 7963
3 3828 9371 1868
2 5537 7883
2 7903 2843
4 8825 53 1435 4945
4 8179 788 5486 9009
2 2708 6795
3 10000 9807 9863
4 9993 9995 9942 9520
4 8200 5078 8314 9480
3 3436 4135 8297
4 3453 7215 3011 6881
4 7993 9681 9831 1947
3 5423 8737 9511
2 7908 8769
3 1648 9704 6172
3 9998 9906 9925
2 7411 4592
4 9986 9371 9995 7623
2 6890 9128
3 1502 6 4606
4 7103 7730 8993 5151
4 9918 9979 9999 177
3 6729 8175 8443
4 9871 1050 6085 2552
2 9349 6987
2 9763 8103
4 7931 7202 4860 7679
2 5745 9766
4 5890 7327 8561 8840
2 8265 5495
2 8112 8333
2 9272 3976
4 8197 9512 9244 8679
3 9993 8725 9972
3 9427 9276 3800
4 7803 7824 7634 8469
4 9951 6108 9948 9928
3 7888 9275 9787
4 8517 7803 3973 7026
4 9187 8481 9330 7043
2 9795 6138
2 1760 8867
2 9168 8917
2 9438 7629
3 9616 9496 8628
3 9145 8960 3659
3 9742 3627 9513
2 2764 7589
3 9093 9708 9667
4 8922 2135 1230 7497
4 7301 8955 9669 5276
2 4354 5800
3 8879 8021 7989
2 7902 7976
2 6963 3255
3 2666 8463 6153
4 6924 9119 2349 8286
2 9250 5367
2 4397 7975
2 8060 7696
4 8984 2847 9936 7881
2 2585 56
3 2455 4988 9422
3 9978 9926 9925
2 2662 3553
2 9293 9911
3 5469 3438 1463
2 8139 9174
3 9728 9676 9936
3 6909 6705 7161
4 9936 5299 9683 9994
4 8039 8800 2521 8901
4 8633 3552 4748 9703
4 7312 8116 8202 1266
2 4617 4746
3 3192 9530 566
3 5587 9917 6760
3 9658 9031 9982
2 4451 8944
2 3424 3714
2 3039 6609
3 5850 4244 6525
4 9441 7994 9893 9891
3 8367 8637 9467
2 9594 9395
2 6949 7195
3 7875 9405 9972
2 9480 6834
3 7873 9588 6825
2 2191 3544
4 2550 5394 9461 8522
3 4833 4158 9794
2 9518 9622
2 7757 4191
4 9847 9639 9993 9850
2 7796 2923
2 4858 479
2 8883 8477
2 5069 4568
3 7433 9261 9005
4 8033 1906 9191 1404
3 7676 7389 6760
3 9617 9725 8020
3 9953 9978 4584
3 7527 7480 8086
3 6888 6927 8252
2 7839 7982
3 7750 3154 7021
3 4394 7714 7074
4 6506 6246 138 2075
3 6646 1195 7984
2 4085 863
4 9740 9534 3806 8315
4 9233 4316 2337 9342
3 3995 4278 1999
3 7686 3412 1660
4 3958 9658 9656 4219
3 7899 8841 9980
4 9111 8339 9152 5697
2 3511 4763
2 7959 5187
2 5846 7778
2 5021 2612
2 5660 8400
4 9461 8168 8304 9279
3 9152 9764 9868
4 9632 7228 7311 9983
3 9899 9565 1429
4 9982 9949 9627 5170
2 6138 6315
2 9603 8519
3 1031 6867 4360
4 9882 9863 9911 6348
2 5679 2970
4 7575 9691 9800 9856
4 4276 9714 9177 2144
3 8406 2215 7665
3 8867 2895 9050
2 8230 7445
3 8462 9377 9401
2 7771 9741
2 8803 7997
4 7375 7030 9234 3702
2 6503 7418
3 8927 9827 9894
4 9833 8381 8404 9822
4 1467 7999 7441 9651
3 9591 8805 2337
4 9622 6083 9993 9153
2 8222 5876
2 8281 7735
3 8423 8209 7836
3 5472 4085 5887
2 7227 6649
3 9831 7682 9288
3 413 7142 9908
3 7094 8391 4783
4 8378 9689 5592 9945
2 3880 2951
4 9324 6537 3949 9219
3 6543 6421 6980
2 8175 7226
2 9495 3568
3 4761 4368 4383
3 6865 8401 6128
4 9859 9622 9649 8294
4 9839 9275 2894 9732
3 7658 2098 5720
2 3045 8850
2 6430 1680
3 9994 8432 9943
4 8036 3938 8044 8635
3 9874 9162 9027
4 9978 9807 9971 4744
4 9752 9977 9974 9274
2 4496 8336
3 2988 8929 4039
3 5950 8516 8508
3 6743 7012 6554
4 5121 9723 9624 9454
3 9611 6319 4562
2 6434 8604
2 7982 9459
2 9761 6408
3 6906 1417 7092
2 985 8287
2 9933 9190
3 9562 6510 9832
2 8634 9613
4 8235 8151 9276 9304
3 7178 6831 4044
3 6413 9648 6808
2 4119 629
4 9743 8304 7520 6066
3 6089 4280 5772
3 6113 9526 1880
3 9789 9995 7497
4 8240 2303 2935 7343
4 3260 9218 8191 8414
3 826 1429 3123
2 9079 835
4 9903 9876 9962 9148
3 3021 8606 8237
3 1813 7675 3394
3 1392 9949 6620
4 6270 7894 2389 9044
4 9915 5277 8793 9484
3 5132 1390 3821
2 8049 7664
2 747 5981
4 9757 8865 9507 7689
4 8628 9869 9857 7656
3 3383 1058 7577
3 8805 4905 9668
3 3480 9278 9148
3 4871 9929 9794
4 9388 9862 7172 9145
2 5265 596
2 4420 2114
2 5014 9886
4 9649 9999 9958 9998
4 9918 9577 7156 9455
3 8282 6298 5876
2 6413 3147
4 5623 8457 3891 7373
2 8789 6664
3 9401 8858 6380
2 8693 4071
2 4177 409
2 8374 6663
4 9985 9987 9921 9982
4 9999 9827 9947 2777
4 8490 8457 9470 9767
4 9269 9661 7606 7867
4 9109 9329 8724 9179
4 9962 8320 9074 9835
3 8277 7143 7492
2 2182 2933
3 5560 2062 7313
4 7086 7287 9723 9266
2 9796 9869
4 6666 1454 2466 8688
4 7738 9042 9472 9419
4 4730 8947 9367 9556
2 5793 8479
3 9088 9203 9640
4 9592 4875 8357 9993
2 9056 9478
3 9224 8757 9717
4 8133 1746 7839 6710
4 6173 3332 6341 612
3 9380 8501 6043
4 7601 2687 9198 5856
4 5025 4201 8487 7206
2 9243 4916
4 3706 8386 1583 821
4 8282 4658 5705 9268
3 9907 9726 9994
2 8643 9431
2 8086 7404
2 9514 3391
2 829 4349
3 7239 9841 8764
3 5166 8135 6842
4 7305 9575 6700 3119
3 8857 9932 7477
2 775 903
3 5486 7606 5185
3 6844 9823 9917
2 6119 5105
2 3495 6950
3 9928 9129 6939
2 2214 9087
4 5776 6818 7253 5256
2 8066 9458
3 7259 8171 3954
2 1246 9952
3 8344 6055 7440
4 7524 9513 4621 8678
2 9118 6625
2 4956 4817
2 3476 8161
4 2202 9875 9410 1211
2 8668 4928
4 8390 270 5951 8451
3 8394 9333 9924
2 4568 4271
4 9389 918 5738 3749
2 5366 259
3 4324 7624 9867
4 8997 7324 6195 9866
4 8863 9787 9673 9647
4 9871 7149 8802 9742
3 3492 9607 2826
4 8099 5841 8964 7278
4 9855 9977 9994 9906
2 6927 4347
2 5816 3484
4 5889 3346 9843 9450
4 9528 7808 7400 9903
2 8334 759
4 3922 9622 9471 4023
3 7153 6763 60
2 7749 9531
2 8948 4544
4 7056 5484 9797 9778
2 5335 9306
4 802 9995 9996 9990
3 31 9766 9633
3 3984 6164 9719
3 9527 1444 2292
3 9212 4400 8882
4 4441 9467 9887 9924
4 9518 9062 4833 8444
3 9254 4801 6760
4 6704 7147 2762 2737
3 4246 1915 2530
4 9780 5616 9326 9007
2 6613 4294
4 8390 3798 9545 8532
2 7488 5925
2 783 2526
2 5749 7494
4 9967 9787 9878 9934
2 6304 6106
3 8721 9074 8903
3 9525 6074 2181
3 9649 8741 9929
4 6445 7531 8792 9765
3 6207 5969 5731
2 6971 4698
4 9956 9979 9975 9921
4 4964 9759 9678 6750
2 7963 8262
4 9888 5963 9981 5848
4 2979 8269 8993 4973
4 9499 2828 27 9948
3 9996 9986 7598
4 1420 9911 9716 9594
2 6337 9463
3 9724 2910 9775
3 9169 9967 9328
2 7138 7382
3 9963 9755 6868
4 9956 9965 9982 1603
4 9752 8143 8215 682
4 9401 8616 5303 9671
3 2053 4742 9645
3 6643 7490 6998
4 9131 297 9766 9650
3 3200 2771 6262
3 9598 9261 8508
4 6683 7662 9458 9817
4 5794 7169 1480 3989
4 6627 5125 3285 9287
3 9169 9893 6127
3 8626 8728 3685
2 8200 4464
4 9674 9645 1059 8248
2 2346 9767
2 1702 7438
3 3122 7049 6953
2 9595 1160
3 6195 7097 9348
4 8064 8844 2297 8948
4 8627 6754 2229 8153
3 7769 8841 3426
3 8418 9414 9032
4 9229 9710 7800 6635
3 1227 6952 9245
4 9349 7967 3702 9812
3 9077 9411 8566
4 9853 8230 9448 8812
4 5329 9964 9651 6867
3 6012 6977 3009
2 5691 543
3 9793 9787 8626
2 749 6551
2 7715 8230
4 8357 9889 9955 5682
2 3558 3330
2 7370 6406
2 9803 8824
2 5476 2861
4 9904 9925 9604 9995
3 9804 7222 9548
2 4737 8131
2 8165 8900
2 7978 6933
4 9924 9757 3429 9550
3 6790 982 7625
4 6883 8820 1653 8436
3 8386 5965 8243
2 8481 8252
2 5336 2478
3 9768 4526 8589
4 6117 9406 8000 1915
3 3237 9598 9757
3 8737 2774 2963
3 5168 8446 7376
3 171 5102 2661
2 7592 3040
2 7529 8029
4 310 983 9382 9511
4 9439 9570 9290 9365
3 8850 8919 8082
3 3982 1410 6986
4 8947 9006 6756 1088
3 2960 8626 6618
2 9361 9434
3 9597 7543 9283
2 7275 7315
3 8061 5723 5956
2 9183 9785
4 9935 9901 5626 8934
3 1087 1695 9359
2 2406 9182
3 9935 9902 9844
4 9780 7735 9998 3155
3 7915 7125 9851
3 2314 4338 4866
4 9695 9828 9918 7956
4 8416 2701 831 907
4 8272 4134 6853 5651
4 7677 4496 9008 8276
2 6732 3599
3 2125 8782 3690
2 5926 5115
3 8895 9917 7101
3 6770 7249 8876
2 7396 6450
3 6937 7580 9770
4 9055 9335 8562 9972
2 8049 4518
3 9388 3005 7825
3 9378 4886 9829
3 9901 7574 9306
2 8204 4540
4 7355 9980 9672 9534
4 9103 10 8886 7585
4 9086 9740 9246 9813
3 8926 9816 9933
3 5231 6300 5175
3 7413 6516 5882
4 7858 9012 9995 9991
3 5507 7268 9958
2 4700 5534
3 7726 9060 8413
3 9869 7719 8018
4 9750 8274 9128 7993
4 9952 9993 9989 9994
3 9414 5282 5061
3 766 3693 9277
3 1144 6171 4001
3 9561 8680 2653
3 7786 9222 8256
3 3230 2478 6370
2 9804 8368
3 2630 9285 9235
2 9841 9548
3 9942 9940 9930
2 831 7468
2 7741 6199
2 3291 6841
4 1858 9791 9765 9280
3 7274 5573 9162
3 9999 9918 4510
2 8471 9157
2 7750 8803
4 7867 5640 9155 8093
4 9747 7698 5907 9809
2 1496 9791
2 6546 9462
4 5169 9766 7020 9608
2 6822 9954
3 9802 8030 9478
2 9618 8408
3 5194 8207 9809
3 2318 7975 3475
4 8395 8173 8525 5929
4 8216 9994 3467 9843
2 6263 4325
4 9602 9409 5772 9467
3 9968 4796 9936
2 8227 8806
2 9343 8448
2 330 9214
3 5269 7022 2740
2 7454 769
3 4407 8115 5993
3 9108 3854 9497
3 7911 7845 8677
3 4650 3377 5853
2 2925 7158
3 7259 8509 9601
2 7870 6418
3 9836 9921 4157
3 7641 8656 9453
3 9925 9968 9992
2 6961 4069
4 7134 8781 5824 5668
3 7665 8630 9214
4 9710 9541 3543 4020
3 9914 9959 8539
3 9711 7735 7679
4 9798 9557 9499 7925
2 9825 9847
4 803 7147 9286 9348
2 1220 371
3 8647 2552 8212
3 7465 163 7262
4 9959 9929 9997 7259
2 1897 4415
3 9669 9692 9414
4 9583 9982 9905 3779
3 4792 7732 7428
2 6779 4430
2 3448 1102
2 442 6656
3 9438 9107 1026
4 3628 5708 4754 5422
3 9579 9637 9559
3 558 3102 1539
2 7495 8762
3 9352 9094 7127
3 9972 9917 9492
3 4053 7680 4922
2 2923 7672
4 2557 3176 7261 3651
4 8798 7835 9964 9660
4 9994 9958 2906 9992
3 9709 9808 9963
4 728 9407 8314 8818
3 8807 9637 3420
3 8549 7870 2508
4 6764 9797 9764 2997
4 9572 5459 8812 8711
3 880 9844 9683
3 7159 5718 496
2 8620 8661
2 9826 9212
2 3335 6704
3 5577 1696 9557
2 195 9929
3 8961 9929 8639
3 8698 5616 6668
2 5968 2973
2 9489 8774
2 9647 9559
2 6413 7513
3 8258 6327 7271
3 9781 9637 9696
3 7478 9284 6036
3 8086 4724 7694
4 9934 8221 9866 8299
4 1582 8727 8745 1923
2 9674 8789
2 5178 4433
4 3941 3526 575 3566
4 9935 9872 9740 8378
4 9678 6549 7741 8485
2 9475 7620
2 7032 8523
2 7382 4868
4 9904 9676 6631 6257
3 7802 9931 9630
3 9853 7261 9892
3 9974 9873 9950
2 5324 1783
4 5924 9228 1352 9579
2 4455 3331
4 9611 9720 8457 8844
2 1566 3241
3 9320 9670 9960
4 9994 9996 9988 9975
2 833 1287
3 9698 8752 9880
4 5942 5445 9125 9842
3 7422 3802 4047
3 9642 7644 9907
4 8972 5519 8728 3290
4 4153 9444 9405 9626
2 6645 3709
3 7389 9771 7904
2 5457 9172
2 3339 9083
4 1851 2471 8386 2900
4 3716 3646 4323 8294
2 7997 7299
4 9966 9662 9987 9335
3 8472 8014 9725
3 9063 7701 4534
2 4221 1320
3 6014 7765 9001
3 5013 9978 9909
3 9567 9363 9377
3 9095 9410 9081
3 7925 9910 9673
2 4673 8713
3 7074 9485 9624
4 1398 9602 9824 9815
3 9900 4849 5529
3 9605 8824 6834
2 9773 8462
3 9852 9753 9825
2 9641 9885
3 9686 8245 9981
2 3756 6405
3 6362 7579 9219
2 2516 3721
3 7356 9989 9340
3 9724 6743 5761
4 6980 999 4094 6566
2 2775 8284
3 1951 8382 3340
4 5733 9959 8853 9971
3 9546 8398 8712
2 8365 4581
3 9217 8788 9604
4 9747 9587 3109 9890
2 5866 16
2 5047 7811
2 8046 722
4 9854 3036 9750 4212
4 9850 9680 9945 9974
4 7756 4153 1873 5785
3 294 2989 6204
2 6699 2507
3 9912 8287 6409
2 7728 5653
2 9959 9858
3 9318 9598 9838
2 7617 6954
3 6595 9961 9974
4 8893 9745 344 9484
3 634 6941 4674
3 7001 8531 1125
2 7684 4580
2 9337 6223
2 8178 9255
3 8963 5257 9437
3 9911 8257 6583
4 6464 6967 8174 1656
3 7920 7090 3753
4 9529 9268 9725 1765
2 7178 8044
4 7177 1347 5142 4081
4 9662 9976 9974 9922
3 6264 5442 5779
2 9463 8315
2 1057 1446
2 4908 8303
2 785 4349
4 202 2141 7540 4917
4 9074 9852 9233 8939
3 5210 2090 6242
2 7982 5275
2 9285 183
4 7882 9945 9988 9999
3 9875 5966 9938
4 9273 9539 6785 9354
3 9253 9510 9694
2 499 2083
4 9125 3827 9891 9952
4 2030 5720 3177 2466
3 9817 6071 5456
2 6078 5850
3 9657 8141 5147
2 5858 9232
3 7468 5596 7662
2 2155 941
2 1751 1861
4 5594 7083 5407 7238
2 4107 4734
4 7080 7694 6973 4562
3 9627 9902 9794
3 9216 1239 2412
2 5388 9679
2 9283 8713
2 4596 681
3 7485 7250 7056
4 9923 7904 9693 9584
4 8010 8156 9856 7893
2 6435 2142
2 8570 7427
4 9866 8158 9640 8957
4 9960 7152 9935 9974
4 9768 8494 9560 2876
4 9980 9997 9996 9984
3 6757 9862 9900
4 5075 9757 8549 9976
4 8393 6891 3884 9004
3 7498 6781 4589
3 9624 9191 3037
3 9770 8864 5744
4 9546 8231 7450 9876
3 9596 9999 9501
2 4826 6795
2 6692 8728
4 9947 9857 5473 9954
2 3706 4290
2 4744 6009
4 8170 9745 9552 4895
2 6097 2499
2 8186 4308
3 8058 9952 9815
3 6790 8555 5091
2 6121 402
2 9161 9945
3 9152 4298 8110
2 9754 2187
2 2946 6530
3 8116 5915 8030
4 9177 8873 4361 9302
4 7503 4781 5511 1689
3 695 7513 9949
3 9247 7819 5985
4 23 4825 7492 7345
4 9612 7401 9826 8918
2 9878 9552
2 5524 6659
2 6146 1954
4 8323 8871 5422 9205
3 7930 8929 9984
4 9512 8506 4533 9961
3 9672 9789 7413
2 9075 9725
3 8202 9159 6348
4 9542 7088 4090 9833
4 9675 392 9996 9995
4 2851 263 5329 6123
3 8870 7541 8920
4 4041 8139 5691 9310
3 9367 2104 8351
2 4151 5521
4 8903 8913 8304 9690
3 363 4347 9993
2 4206 6126
3 1703 9706 8849
2 2793 3684
3 9849 6548 9670
2 600 7786
4 9955 1605 9999 9833
4 8929 702 8487 8996
3 6020 9318 9913
4 8432 9515 6502 7935
2 9771 9507
2 2460 5553
3 9444 9388 7809
3 8723 7904 9882
3 7839 1363 7809
2 9755 9534
3 9992 9611 6636
4 9956 9993 9994 9988
2 362 1351
3 9878 8324 4035
2 9332 5559
4 8311 5745 8336 3910
3 3824 9925 345
2 2475 3959
3 8337 8401 8424
4 7331 6609 7854 854
3 3063 4503 5217
3 8772 4727 9382
4 4875 5403 7919 7814
3 2108 8114 9270
3 9871 8211 9775
2 8791 9397
2 8227 6216
2 8165 8156
3 3932 9012 2542
3 7959 5086 7367
2 8070 106
4 9364 9080 6095 7210
4 2908 2942 1857 5705
4 8922 7316 9406 7570
3 8753 8851 9557
4 8160 9126 5216 8830
3 3088 7021 8966
3 9923 9841 2061
3 9097 9627 9330
4 7914 8248 5221 7968
3 9522 6305 6006
4 8514 8063 8921 6765
2 9807 9822
4 9950 9971 9961 5087
2 9261 8453
3 9245 8186 721
4 7496 9219 9996 9842
2 9533 9631
2 6956 7914
2 8282 6297
3 8516 9450 5664
2 2751 9443
3 5120 4063 5731
4 6797 4663 9950 7281
3 8813 8970 9813
2 9217 9509
4 9715 9281 9701 9187
2 7001 9293
3 8497 7420 4481
3 448 5076 8563
3 6553 6818 2321
3 2588 2518 5683
3 9702 9742 7723
2 2227 1624
4 9698 9963 7103 9949
3 9410 9650 3675
2 6941 6036
3 5621 6154 7218
2 7685 7816
2 4632 8745
3 2535 4881 6796
2 8261 8756
4 9377 9482 9461 8297
3 8838 8914 9692
4 9297 9899 9641 8150
4 9749 1786 7737 8818
4 5390 6705 1433 4292
3 9672 9826 6744
2 8320 714
3 9775 7674 9904
3 4503 6903 6807
4 7711 9554 8196 9427
4 3133 9757 4085 8817
4 9378 9791 2538 9512
2 9704 9727
3 7614 8066 6329
3 3260 7877 8566
3 9313 9193 5875
2 9432 6270
4 1820 8780 9550 2854
3 7466 9905 9950
2 8731 9078
2 8971 8771
3 5096 1874 7765
2 3113 1467
3 7539 6108 8370
3 7623 8805 8987
3 8719 9462 4646
3 7835 7176 7792
2 4605 8034
4 2976 3279 6095 404
2 8189 8586
3 6007 8296 7097
3 9739 9733 9289
2 5072 3054
3 11 7769 9822
4 9983 9843 9354 9989
2 9415 8286
3 7385 8125 6281
4 9934 9975 9618 9695
3 736 3130 9425
2 8649 9556
3 4603 3428 5949
2 6825 9331
3 5180 7852 6144
4 1846 8973 9136 8965
4 7349 5168 8567 6834
2 5784 4331
2 6656 8001
4 9870 9942 9707 7324
3 3495 6979 7286
2 9036 9449
4 9692 2219 8216 9882
3 2678 4025 5878
4 9999 9877 9585 9986
4 8674 9394 3474 9842
3 4615 1721 9398
3 20 8554 8081
2 7534 894
3 8770 8156 9596
2 3912 9081
3 5021 9841 8408
3 4060 5812 6594
4 9229 9176 8834 3827
3 8697 6065 3164
2 8004 9095
2 9432 6600
3 8144 7823 7716
4 7896 6557 6144 9465
4 6766 9362 4681 7997
4 5888 9961 9742 9140
2 3978 9728
4 9236 4714 5095 6098
2 4936 1692
2 8130 8302
3 5045 9892 9809
3 2162 5951 6503
4 9226 5985 8773 9906
4 9797 9003 9919 8516
4 9646 5249 6225 6867
4 9981 9986 7574 9424
4 3680 5804 7002 7540
2 9020 9663
4 9584 4579 8383 9152
3 9375 6104 7527
3 3366 9971 6084
2 3696 1720
2 454 4177
3 5399 5805 8417
3 7988 1667 2756
4 9833 7844 9907 8943
3 7798 5092 572
4 5295 8001 5329 8159
2 6171 7481
4 9996 9763 9990 9992
3 9716 9653 9518
2 9491 9387
4 8854 8513 434 9396
4 9582 9416 9421 9396
4 7690 2109 7460 6044
4 9556 5758 6728 8849
3 7042 9094 7642
3 9393 9782 6485
4 8535 7888 9817 4630
2 9067 9021
3 9727 8655 9585
3 9269 9935 8067
3 8473 9808 6031
2 4399 1570
3 9814 9980 9971
4 9419 9807 9951 4354
3 9625 5423 9232
2 8011 8189
3 5381 2737 4239
4 9947 3487 9989 9942
4 9945 9886 9052 4640
3 7529 9266 9159
4 8974 7880 8599 6949
2 3265 7522
3 8532 8415 9988
2 2216 596
3 7871 7827 7593
4 5205 9808 9898 9446
2 8202 1758
4 4825 8920 311 7577
4 9445 9890 8601 8604
3 6374 8249 6053
3 3869 9156 4567
4 8539 8668 9329 9874
4 8440 8293 8110 7703
3 2873 6520 6087
2 3072 1521
3 4467 8772 3769
2 9819 9966
4 6869 8538 9335 7828
4 8248 9855 4247 8005
4 2353 8311 9232 5662
4 4707 616 7151 2173
2 7879 1044
4 4146 6720 8171 4950
4 5496 9324 5083 8523
4 9994 9950 5688 9937
4 9988 9997 9994 9904
4 7093 9206 5428 6716
4 9499 8347 8704 8340
2 5633 9934
4 6523 7115 873 6024
3 8623 3055 8071
2 9486 6546
2 6372 8750
3 5373 2324 9214
3 2595 5313 8529
4 9491 9980 9800 4633
4 8564 9251 7893 509
2 9922 2521
4 9151 5656 9446 7265
3 8523 5017 7218
4 8127 9350 1701 5130
2 5881 1583
4 7439 9615 9366 9041
4 8741 5167 6316 8095
4 9956 6526 3852 8100
2 279 6952
3 8798 9435 9689
4 3647 9636 9835 9816
4 2542 9743 9627 4594
3 9889 9884 6729
3 7115 8898 7596
4 9683 9657 9566 6722
3 9967 9789 9961
2 8092 8087
2 7314 6823
4 9868 9110 8273 5114
4 6058 8072 8672 9866
4 9999 9997 10000 9994
4 5098 9730 8922 9683
3 9896 8570 9879
3 3531 9454 6296
2 4545 7507
4 2310 9703 9661 5795
2 8035 9288
3 9411 6740 9855
2 7012 7274
4 9268 8628 5676 2128
4 4165 9827 9821 9853
4 9902 9627 6179 7523
4 93 866 8513 5092
4 9629 9920 5562 9594
2 6261 8396
2 7719 5364
4 9897 9608 9844 9127
3 5503 4513 7322
4 9841 4994 9729 9717
3 3329 9637 9922
3 8836 2657 8963
2 5610 5815
2 9272 1706
4 906 9704 1842 9395
3 6997 8657 4619
2 8734 7705
4 8564 6308 9467 4273
4 651 2629 6623 2152
4 9519 6298 7412 9367
3 2014 9168 9388
3 9721 2363 7182
4 9645 9558 9218 1000
2 6729 9655
3 6989 9835 7747
2 9180 9112
4 9846 9679 6813 8980
3 9858 8316 9999
4 9218 2520 8448 8438
2 2622 9418
4 7938 9969 9793 9674
3 9043 6251 9812
4 9037 8601 6871 8534
3 8832 6563 9304
3 732 1237 1359
4 2147 8840 9381 4333
4 8295 8209 8710 9083
3 8374 8894 2277
3 2929 6340 9069
3 1267 6250 390
2 261 6062
3 6590 9973 9995
2 754 820
2 2812 2897
2 4855 5053
3 7289 8601 7695
3 9829 9939 9976
2 4411 9409
4 9454 6014 9857 8314
4 8950 6070 9942 9948
3 7802 4611 7360
2 7652 4179
3 5347 8015 7104
2 3500 1200
3 8292 9336 1111
4 9838 9387 9946 9045
3 9763 9634 8045
4 9289 9641 9797 9655
3 8439 4054 3520
2 5438 6393
4 9436 9828 5822 8694
3 9899 9736 7705
3 4699 7470 6891
4 7093 6929 9958 9772
2 3466 3592
3 4697 3144 2014
2 2468 446
2 6545 9236
4 878 8625 1294 7413
2 8280 5993
4 9899 9850 4054 6355
3 9834 5368 9867
2 2877 2368
4 9285 9542 9223 9414
2 7675 9376
4 9808 9212 9451 9944
2 4855 9247
3 7045 6956 7963
3 9521 7583 9915
2 6359 4278
2 4939 9894
3 2654 9830 2087
2 8942 8219
3 1860 1727 9733
3 9047 3511 9180
2 1928 5057
3 9772 1896 3728
3 1825 7596 8507
4 1533 6623 6917 1779
3 7779 8692 2927
2 9105 6217
2 5619 5136
2 8411 9156
3 1221 9834 9394
2 6623 71
3 9741 9885 9317
4 8877 9126 9633 9290
4 9481 5383 9692 9861
3 5337 3125 9812
4 9919 9962 9908 9991
2 9380 9294
2 9452 9132
2 6939 5029
3 5742 1536 5885
3 6320 9726 7526
4 6880 8551 7941 5080
4 5199 6054 2355 2951
3 9926 8266 9944
4 7387 9074 9546 9740
4 6433 9783 2775 9454
3 9920 9936 9843
4 5834 9581 6441 7190
4 5360 6362 4843 5613
3 8373 2497 7631
2 5795 5222
4 9270 6737 6605 7069
4 7025 8628 3786 3026
2 9628 9988
4 8630 9728 3479 9639
4 8831 9674 8965 9645
4 9734 4245 7627 9845
2 8635 1737
3 4088 7167 9125
4 4107 9823 5138 6003
2 2057 3981
4 9925 6407 9034 8978
4 9899 9181 9971 4243
4 6139 9952 1258 9987
3 9012 9715 7989
3 5627 9686 4634
3 9081 3840 5554
3 7179 8819 9397
4 9998 9996 9880 10000
3 9949 9828 9787
2 7165 8082
2 9389 9796
4 5884 3116 9044 392
4 4142 2119 6919 6776
2 3595 6326
4 5935 6605 7888 7742
2 8103 7551
4 7831 6965 3621 6377
4 9989 9914 9736 9624
3 8363 9194 8375
4 9865 9940 8698 9918
4 1360 7468 346 8154
4 9727 9671 7284 9855
3 8282 8011 9805
2 5576 2679
3 9249 7822 9985
3 9789 7322 9783
2 3897 7511
2 8435 9048
4 8222 8262 9438 9029
3 4473 8076 9020
4 9693 9771 6328 9955
4 9673 9036 9622 9461
3 8978 8470 8185
4 8510 9295 7988 2007
3 9477 8877 9777
4 8396 9943 8870 9829
2 9760 4209
2 9629 1093
4 9686 9882 9994 9682
4 9987 9802 9994 9751
3 9653 9499 9256
2 8095 7068
2 2925 7699
4 3359 9785 6140 9119
3 6792 8662 271
4 9767 8887 9795 9942
4 6536 5198 6297 6836
4 9959 9101 1476 9966
2 8687 8316
3 2962 803 1589
2 4892 6971
3 7607 8610 8243
3 9918 5315 9980
4 5239 8862 9822 343
2 5217 1879
2 4875 7375
4 9405 9960 8889 9482
2 9949 8444
4 6985 9491 8695 9512
3 7367 9064 8602
3 8680 9295 6817
4 6791 8250 9713 4670
4 9856 8240 9506 9895
2 4821 9835
4 8652 9654 9360 9511
3 9967 137 3466
2 6411 4438
2 8710 6131
4 7216 8364 7778 3634
3 8328 1580 6437
2 5261 9340
2 3437 72
3 4160 4972 9269
4 8814 7689 8378 8215
2 7887 4466
3 6957 2574 2880
2 3357 8730
3 9421 4250 2961
4 9813 9852 9615 7275
3 7899 5018 7054
2 8334 4024
2 8955 8794
2 3823 2536
4 9034 9487 9929 9986
4 7772 7004 9746 9559
3 8576 3097 6231
4 9757 9983 9984 9639
3 6207 4550 5599
4 544 5946 1476 8364
4 9995 9575 9991 9759
3 6265 6632 7484
2 1343 7942
3 9575 9531 1111
4 8748 8686 6599 4721
4 8838 1773 4153 7034
4 4737 3706 6709 5653
4 9708 9138 4847 7034
2 8849 6795
2 7253 6833
3 9866 6155 7670
4 6019 2456 6916 9932
2 2292 4378
3 8435 9399 9828
3 9380 8473 9784
3 9714 9961 9949
3 6535 6969 7525
2 9855 8366
2 9755 4800
3 9413 9275 3600
3 3689 6371 3116
2 1300 7859
2 9391 3066
4 8386 87 9619 1642
4 3706 6445 9291 2611
2 9676 8433
3 9036 7305 8750
2 7980 3834
2 9303 8995
3 6910 3375 7004
4 5665 9630 9663 6846
4 9609 7628 7332 9568
3 7247 2873 9779
2 5562 6935
3 9996 9958 6023
2 9084 8349
2 1429 3697
3 7281 533 7586
3 7026 3329 8307
4 8726 9874 9629 8954
3 6435 3846 2602
4 5079 4453 4791 4041
3 5607 3099 4589
4 5116 7313 2615 9800
4 3944 3311 902 8384
3 8908 9581 3272
4 9862 9915 9128 9870
2 5538 7560
3 9643 7272 9718
4 8311 2541 7320 5916
2 8616 7682
2 4466 4861
3 6136 3358 6397
4 1405 5036 9250 9059
3 9855 9706 4991
3 9330 1507 8848
2 3443 7473
3 8326 9048 7991
2 5313 4988
4 6492 9998 9795 9997
4 9966 6657 9852 9438
3 9801 9839 2534
3 9993 7516 9961
4 8803 9985 2387 9193
4 7842 2720 4146 9149
2 3810 5304
3 7100 9907 3204
4 9878 5409 8871 9923
4 9762 7794 8857 9803
4 9387 7446 8366 9829
3 9989 7919 9974
4 9626 9217 9209 8534
2 2748 5033
2 8066 6426
3 9124 9470 2106
2 2381 2814
4 9973 9947 9900 7287
4 4836 9954 9862 7385
3 9940 9951 9814
4 8925 1628 9018 8782
4 369 4827 4287 9938
4 9850 9589 4480 9290
4 9784 9998 9900 9882
2 2592 182
3 3197 531 1176
3 991 5494 8035
4 6303 8305 5566 7984
3 9798 9534 3514
2 8741 9345
2 7323 2129
3 5833 9100 9801
2 4114 4488
3 7709 8823 8760
3 5406 7529 1771
3 8168 8996 7885
4 9836 9641 9858 9895
4 8660 9718 5521 9499
4 4227 9999 9860 9996
2 6711 6183
4 9293 9323 9557 6726
3 9480 9509 8239
4 2656 5187 7424 7279
3 9979 9665 9995
3 8770 749 7930
3 1015 8311 6607
2 1879 9629
4 8458 795 511 8536
2 3172 9425
4 7159 5830 9302 8063
4 9588 9742 9523 8218
3 2835 3697 6336
4 9471 9375 7121 6203
2 5749 1888
4 8916 8212 8555 8187
2 5316 6987
2 1729 5923
4 9108 8279 7835 3729
3 4644 6558 4923
2 9506 9784
4 9884 9661 5756 9672
4 7553 4357 9567 9926
4 8831 9902 9540 9947
3 7885 6233 3900
3 5713 1193 5572
4 7860 7248 5216 4499
4 7478 9809 9866 7633
2 8652 8570
2 9894 9382
2 5173 3062
3 3666 934 4834
4 10000 9998 8888 9999
2 2493 1607
4 9986 9980 7200 4699
2 3518 1907
4 8778 6096 9690 5014
4 5507 9953 9888 9843
4 9276 9586 4780 8498
2 119 3275
3 7976 9350 9730
2 8262 2748
3 5951 9623 1942
2 9438 8983
4 9994 10000 9572 9967
2 8798 5507
3 5279 5988 6773
2 9197 7861
4 9847 8196 5753 9965
3 7208 3967 9711
4 9379 8825 7471 9965
3 9150 9840 9890
3 9218 8149 9473
3 9498 8033 9870
3 1633 4731 9466
4 9950 1152 3129 9314
2 8698 1526
2 1506 8904
2 9896 9003
4 9645 9731 9469 6191
2 9999 9578
2 5434 4110
2 5058 744
4 9803 9742 3673 9978
2 8320 8029
4 9964 10000 7862 4020
4 6297 6599 9920 5973
2 8446 9626
3 8097 3301 1939
2 9854 9403
4 6418 8959 6632 9879
3 7324 4195 990
3 3970 9839 9438
4 9912 5813 9744 9758
2 3864 1461
3 9080 5503 8167
3 4763 9651 9223
2 8278 9152
3 9882 9272 9974
4 1325 7838 8894 8681
4 1038 1901 4621 1027
2 480 2852
4 3510 9554 9626 6621
3 9731 9827 2186
4 9987 9985 9965 9963
2 4907 5964
4 8037 9426 8748 4625
4 9896 9310 9833 8342
3 7485 1694 2711
3 7789 9368 9479
2 425 3829
2 492 5746
3 9852 9535 9913
2 1024 3873
3 9646 8780 8814
4 2317 9536 9915 9944
3 9871 9238 9844
2 3454 5120
4 5269 3287 7157 5840
2 8871 7258
4 9341 7442 9023 3010
3 8355 8615 7393
4 250 8653 9495 9925
4 9932 9996 9999 8989
4 9984 9263 7777 9348
2 7001 7352
2 1974 3730
3 9893 7618 9574
3 4948 5976 1801
3 9606 9654 9771
2 1905 9925
2 3404 8304
2 7403 6123
2 2984 4296
3 9616 3513 9772
3 9072 9808 5457
4 8012 8688 9501 8173
2 5084 459
2 9175 8628
2 3919 131
2 2660 7214
3 9415 9073 8176
2 5407 410
3 9988 6857 8140
2 7648 7763
4 8270 9998 10000 8380
4 8976 9978 9673 8774
3 8822 4663 7626
4 7924 8926 8859 1259
4 7961 9509 9675 9785
4 8057 2532 6552 6341
2 8498 9416
4 6380 9542 6500 7602
4 5374 9483 9891 9218
2 556 7774
4 7934 9995 9566 9999
2 2620 6128
3 7539 9694 9974
3 9643 9820 6587
2 9538 9405
4 293 8335 6489 4679
3 7510 4935 6043
3 9980 9859 9930
4 9964 9967 9978 7371
3 8425 8934 7162
4 9855 9966 9917 9232
2 271 5595
4 7936 8219 2700 3765
2 7521 1881
4 9568 9891 9346 9758
4 8829 8454 9172 9531
3 9795 8780 9521
4 9913 9985 9952 9981
2 8984 9045
3 9221 9691 9687
2 6727 9195
4 9974 9969 9968 8120
4 9032 8554 8219 9236
3 6470 7028 7196
3 7746 9426 3533
3 8692 8724 8810
4 9192 7217 9804 9976
2 772 7474
4 748 9991 4523 8587
3 9405 8241 9408
4 8772 5009 9551 9938
3 9516 9348 8673
2 3564 2744
3 9388 9863 3193
4 8945 9270 5660 2763
3 1692 9836 9974
3 5358 2393 3255
4 9871 9796 9057 9387
4 3079 9659 9244 9675
2 6518 3013
4 8666 8855 7740 7982
3 9929 9595 9494
2 6567 6244
4 2026 784 9392 6930
3 8024 9838 8325
4 7307 187 296 5604
2 6268 7383
2 7279 1262
2 1175 4111
4 9966 9788 8144 9964
2 9387 8393
2 1193 1836
4 9822 9313 5619 5958
4 9034 8113 9839 9886
2 6471 6700
4 7476 4299 8148 3663
4 9400 4661 8571 2178
4 9227 8033 8220 5726
4 7968 8802 8370 9499
2 1762 6718
4 7572 4064 7904 3541
4 9997 8919 9772 9846
2 179 7496
4 5589 8220 5690 9357
4 9349 9427 9066 9583
4 9810 8716 9988 8367
2 8176 6730
4 4164 8450 7339 7956
3 9845 8971 5705
2 7400 3846
2 8454 9568
2 6923 6695
3 3563 9977 4601
2 5283 6163
4 6602 9601 9319 8740
2 4194 9077
4 4649 7344 7746 3322
4 9437 9207 9420 3418
3 2657 7667 5946
4 9800 9933 8154 9930
3 9532 4571 9333
3 9054 9998 9413
3 6430 5425 1545
3 8575 5697 9165
2 2609 1018
3 3226 6386 9292
3 9606 9706 1405
3 1752 7267 6236
2 350 7779
4 9556 4044 9564 9024
2 7375 3441
3 7350 8945 8197
3 6140 8275 5355
4 6260 4728 9393 4591
4 6841 2524 9828 9479
4 9195 7531 8148 8471
4 9269 6944 8471 3687
4 9783 9293 9403 8902
3 356 3262 4356
4 2113 8003 568 7126
3 3581 7020 3263
3 1738 8675 1984
3 8919 8552 5198
4 9915 9984 923 9805
4 5472 8924 1117 7569
2 9025 8653
2 6398 9106
2 3386 3800
2 5358 2535
2 6203 6330
3 9032 9586 6435
3 3327 3109 1690
4 8707 4583 9044 8863
2 6321 8831
3 7740 9780 9269
3 8102 9639 9766
2 9836 9726
4 9814 9995 8433 9959
3 9514 9777 9884
4 2944 9125 9781 6773
2 7742 4207
4 9993 9995 9356 10000
2 4995 3930
2 7440 7515
3 9595 9760 9692
4 6178 1427 6773 5819
3 8771 9562 6772
2 6045 6133
2 3759 8073
2 4253 5780
3 9832 1674 9964
2 8374 9395
3 7186 5140 4214
3 7031 2848 7160
2 3877 89
2 9607 9736
4 8360 9392 8308 4997
3 1987 9966 6777
4 8466 9204 9421 7926
3 4606 9333 7544
2 7970 8146
3 8115 7961 4244
2 7623 3093
3 9356 3338 966
4 9624 4245 9468 9627
2 2034 3522
3 7823 6923 5589
3 1376 6651 8460
2 6130 9058
4 7592 6083 1506 9205
4 1064 9709 9626 8568
4 6275 9104 3676 8676
4 9611 8416 9519 9924
2 625 3374
2 9036 9009
2 8335 3631
4 9963 2331 9155 9976
3 9328 9727 9297
2 35 2160
4 4497 8361 5513 9208
2 5875 9760
2 5777 9655
4 6629 9555 9884 9970
4 6806 1714 9415 7823
4 4241 6434 4795 9297
3 7656 9824 1538
3 6051 6352 70
4 8326 2862 7252 7703
3 9658 9610 9796
3 6850 9925 9370
4 3976 6838 5250 7057
2 152 6953
2 8281 8690
2 4433 8827
3 2722 475 4316
2 7408 5210
2 4335 2409
2 2026 5816
4 8587 9632 3569 9950
4 8232 5834 6063 8797
4 9986 9999 7422 9988
2 8473 9434
4 2820 5823 9741 8495
4 7296 8774 9871 9565
3 9389 9551 8582
4 9813 9060 4706 7921
4 9787 7489 9385 5244
2 4521 8375
3 3656 3727 283
3 4503 284 6772
3 9681 9263 9550
2 6868 8712
3 9573 8054 8033
4 9748 9825 9914 9040
2 8542 8934
3 9943 9324 9986
3 7513 9836 8543
3 5567 7052 2560
4 9594 9947 9223 2426
3 2741 9890 8746
2 9966 1546
3 5649 361 9502
2 8801 3835
2 8800 8664
3 9601 9617 6923
3 3584 8762 9729
3 8355 6620 6354
4 6876 9739 9390 7126
4 9101 9468 8666 8686
4 9594 9948 9359 9469
3 9299 9332 9858
3 9922 9667 9103
2 5595 9098
4 9150 7572 8592 7862
4 7774 5235 8524 7935
3 9947 9840 4694
3 6424 8600 9832
2 6120 4898
4 5395 5711 6612 9864
4 8482 9969 9853 3992
4 9179 2411 572 8501
3 9969 9778 9904
2 4232 6920
4 9436 8179 1659 8651
2 6859 4066
4 9897 7396 9814 9815
4 8181 8256 8252 9850
4 8992 9412 7401 6859
4 8287 9539 9902 9992
2 7748 9306
2 7985 9658
2 8834 7878
2 2482 1359
2 9785 5467
3 3107 8946 2279
2 5297 1014
4 9029 9446 8728 5179
4 6720 7377 118 2148
4 8524 8944 9557 9886
3 9899 9923 9754
4 9069 7713 6254 5951
3 9699 9791 8859
4 9383 8698 558 9135
2 8595 6873
4 5409 3000 9057 5203
3 9762 9599 6151
2 8867 6464
4 6781 8947 7669 8594
3 2028 6983 438
4 7545 9897 8093 4707
3 9841 9404 9837
4 9822 9827 9954 6890
3 9135 7922 8577
3 8727 6162 8444
4 7844 9091 8085 1682
4 8574 9647 8353 3653
3 1195 2506 4976
4 1555 1492 8031 3867
4 9993 9995 9999 9998
2 2632 9957
2 6640 9901
2 1428 3303
4 8914 9120 9628 9505
2 1280 6148
3 3782 6723 1902
2 7645 8791
4 1327 5216 5318 4387
2 4339 3561
4 258 7613 4857 3801
2 4346 1780
4 1341 6446 7866 9081
2 8721 6199
3 9460 9477 9440
3 9158 7842 8312
4 7198 8514 789 3177
4 9980 9986 9789 9987
2 9644 9143
3 5217 6717 6101
4 8583 9301 3910 5473
2 3206 2470
2 7780 7797
3 6471 8081 6488
2 8979 8985
3 3262 8306 3823
4 9962 9198 9470 9460
4 8458 1665 573 8275
2 8328 9106
4 9999 9976 10000 9997
4 8854 1359 8216 4811
4 9608 9372 9237 9298
2 9823 9826
3 9923 9958 9724
3 9998 7908 9397
2 8505 9599
3 8224 7364 2016
4 5159 8714 9850 7954
4 9750 2440 9925 9914
4 10000 8135 9853 9995
2 4660 7936
3 9458 9519 9099
3 9633 6710 9281
4 9954 9410 3193 9989
3 7833 5774 3700
4 5397 9840 9767 8218
4 361 4487 488 5017
3 8459 9822 9605
3 7986 9935 6657
2 1491 843
4 9560 9277 1926 9694
2 7052 7961
4 9852 7858 9505 6822
3 9579 3933 8196
3 4425 3771 1338
3 3776 4848 4101
4 9929 8400 9003 171
4 4560 9995 9307 9892
3 8316 7321 6385
3 872 1113 1082
3 9846 9960 9786
4 3668 9297 9896 9508
4 9910 9959 9147 9824
3 7812 8534 7510
2 7363 6822
3 9940 6172 9236
3 3840 5836 6776
4 5117 7011 9929 9991
3 232 9185 7755
3 3475 1278 5657
3 9695 8202 6159
3 5695 1583 8756
2 9242 3962
3 9687 9942 9692
4 9925 9933 9728 9745
3 4272 904 3101
4 9305 9860 281 9999
4 9069 6686 6369 9268
3 5625 8009 365
3 9839 9569 8850
3 3986 3233 2037
4 9442 9473 9903 9642
2 1104 6265
2 5159 4334
4 9841 9898 6736 9968
4 8613 9490 7395 7620
3 9922 7983 790
2 4421 7220
2 1645 4804
2 9661 8749
3 9912 9876 8594
3 1505 637 281
2 8953 8255
3 7936 8256 9651
2 7956 2270
3 3538 3588 1229
3 7110 5398 4781
4 3604 5080 4557 5925
2 2271 7389
3 5905 1430 6076
4 9944 4166 9950 9130
2 2195 8837
3 6954 6765 6649
3 9989 9997 9992
2 6949 2777
4 2408 3315 9828 9998
2 9657 9572
3 8797 9462 9635
4 8875 8628 8672 8193
3 7436 9615 1651
2 6316 5293
2 8639 7570
2 9714 1436
4 9708 9032 9713 9504
4 9387 849 9512 4812
4 9791 9992 9990 9687
2 2750 8944
3 5942 5132 2167
3 9812 5632 7675
3 9846 7571 9617
4 9999 9984 9598 9993
3 7554 8265 9869
4 9923 2802 5537 9884
2 2388 2561
4 9711 1926 5934 9580
3 7412 6364 7810
2 7006 1493
2 5906 2853
4 9904 9892 1369 2324
2 6525 6384
4 8953 9848 9386 9860
2 9823 4147
4 9398 6151 9156 3510
4 9877 9749 9272 9895
2 1628 367
4 9920 9882 9688 9240
2 4233 3818
2 5664 5546
4 8733 9982 8126 9860
3 2639 8058 9190
4 5826 8426 6888 8281
3 8772 7268 5265
4 9904 5518 9921 1690
2 8345 171
4 8889 5776 9896 8838
2 8482 7433
4 4727 9142 7186 7071
3 4164 9225 9635
2 4701 9788
2 5348 3267
3 9721 8804 6414
4 7111 593 5772 5623
2 4313 2640
2 9995 9996
4 9773 4507 9225 8984
2 7894 9003
3 4115 1993 7901
4 9272 5880 7216 9042
3 8436 2819 3944
3 5784 3035 9249
4 9987 9798 5307 5105
3 9762 9964 8895
3 9084 1657 7513
2 5667 6423
2 7598 9040
4 9786 5454 8330 7047
2 9132 6864
4 6904 3660 1312 2729
3 1408 5077 3355
2 4427 2686
3 3285 2639 5691
3 9935 9451 2727
2 8472 8955
2 7420 8282
3 7255 1794 7633
2 495 5853
4 9120 6228 9275 8574
2 7993 4272
4 8726 6134 9970 9416
2 9808 9858
2 7886 5200
3 8928 3676 8951
3 8720 9760 9671
2 7188 9791
4 8128 3145 7038 6940
3 3628 8203 2598
3 9463 6379 7852
2 1974 3884
2 2465 8446
3 6416 9610 9404
3 6313 9265 8099
3 3041 4849 2760
2 571 869
3 9978 9930 461
3 9016 9069 3765
4 9501 2614 9645 7928
4 7466 9549 5214 8455
2 3995 5518
2 8752 9314
4 9563 9956 9719 1023
4 10000 9972 9999 9990
3 9581 9122 6092
3 4720 7598 9438
3 9328 9627 9503
4 7429 8962 8741 5320
3 7905 4624 9195
2 9577 9869
2 8911 9304
3 9111 267 3311
4 8675 8969 1220 9382
2 8401 5717
3 5092 4023 767
2 9715 9161
3 8922 9234 3748
4 8335 78 2609 7754
3 8825 9910 4670
2 6882 6288
3 1540 467 1793
2 830 1342
4 9160 8072 9715 8368
2 9410 9015
2 2460 620
3 9352 3392 3827
2 8960 8847
3 9923 9985 5258
2 99 197
3 8843 4718 9835
3 9775 8267 2942
4 9000 9935 9981 9877
2 9722 6611
2 2254 1260
4 9040 7787 9398 9346
2 5508 6888
4 4618 1983 5190 8687
3 8317 7248 9218
2 9119 9015
2 4875 1962
2 1749 5282
3 9639 1055 9608
3 5343 3328 8068
4 9810 5042 8916 9799
3 2588 5873 3773
2 5533 5555
3 6758 9277 8665
4 9541 8076 8770 9656
2 9401 9520
3 9906 9778 5965
4 8941 4781 9728 9970
3 9578 9458 9549
3 7167 4261 6534
3 5686 7211 9284
3 3900 7953 7006
4 9684 5294 270 9696
2 4050 9245
4 2836 7166 8665 8316
4 9775 7762 9767 9235
4 9925 9833 9681 9743
4 5002 8102 8160 8371
2 1258 9284
3 7526 1486 8516
2 4359 260
4 4857 9796 9961 7390
2 3739 2994
4 949 8703 7924 6247
2 1509 8168
3 5876 9942 9995
3 9902 9881 8087
3 7592 8487 3830
2 7232 364
2 5097 4184
3 8106 8874 9190
4 4115 921 5474 2331
3 7935 6739 6160
3 5216 9183 9818
3 5661 7649 5664
4 9127 8120 9024 9604
3 4372 8098 5099
4 8882 9288 4654 9229
2 9319 8765
2 116 4205
4 7130 9250 2865 9990
4 9940 9798 9128 9497
3 5796 9058 6552
3 9480 5469 7591
2 3601 3153
2 2206 2545
3 4595 9707 7064
4 9341 9403 9851 9586
2 3403 6507
4 2877 5045 6430 3982
4 7800 8397 1944 7579
4 8355 9980 9765 9776
3 8310 3620 9618
2 1429 4649
2 3165 3397
2 5612 2731
3 7951 7006 4732
2 7626 5692
2 4214 6750
4 4520 9886 9029 9938
3 9969 9985 9972
3 2081 4464 7217
4 1943 7996 8929 3782
3 4640 9095 5862
3 2133 7061 6071
4 8367 9861 4662 9917
2 2683 8275
2 8184 9291
4 9762 7326 8594 9860
4 2354 920 5843 4409
4 8304 5463 9433 9065
3 2490 4246 9915
4 7940 8352 9808 8185
2 9701 9309
2 4759 2976
3 7474 8239 9572
2 4692 3318
3 8601 8670 5899
4 9148 8582 8782 7345
2 5510 9359
3 7349 7105 9328
4 6887 7220 8777 9466
3 9827 8850 9081
4 6123 9531 4597 7401
4 4107 9968 9833 5727
4 9923 8643 9952 9098
2 1046 1332
4 419 8652 2259 9921
2 6696 6673
3 2662 6587 3697
2 1553 3045
4 8282 3397 9287 4515
2 2604 9918
3 8563 9219 5411
3 9999 9912 9921
3 9783 2892 8180
3 9987 3995 9962
2 8490 5788
3 9151 9853 9785
2 8406 7713
4 4206 7276 9886 9918
3 8135 3755 1461
3 7125 9824 9591
4 8552 7692 5236 6020
3 6564 1867 9620
2 9538 9650
2 376 1669
4 8607 7156 508 195
2 2586 1942
4 8149 9801 9994 9998
2 9389 5200
3 7674 8669 7262
3 8723 7934 9775
4 9346 8403 4300 4633
4 9092 4620 8223 277
2 1489 6301
3 3272 6917 6118
2 6565 9580
2 6909 895
4 8280 8526 3446 8485
3 7298 8924 7921
2 3434 9851
3 9765 9776 7507
4 7740 4824 2910 2241
3 7117 2393 9699
3 8943 3033 9412
4 9622 4603 9659 4860
4 1952 9940 7707 6822
4 8252 7844 8383 1096
2 5482 3346
2 1103 9850
4 6392 9928 9128 9518
3 8229 5037 7399
2 2760 3718
3 1825 8174 7557
4 9915 9370 6479 9933
2 6667 2668
3 4675 7633 2644
2 7845 8003
3 8733 9626 8692
3 7029 3247 8300
4 9588 8807 5108 9926
2 8247 1489
3 7775 7265 3860
3 7531 5058 6675
2 6309 7387
2 342 5843
3 5273 7316 8758
4 8076 2924 8181 913
4 9806 8491 9479 8114
3 199 8285 426
2 9041 5773
4 9441 8397 9394 4748
3 2169 4110 3375
2 6954 9772
4 9929 9944 5370 1948
3 4369 9495 1020
2 2170 14
2 3746 8530
4 970 9831 9407 5760
3 8835 852 6018
4 9192 9181 9122 5734
3 9716 3699 9925
3 9127 8969 3047
2 1370 3371
3 9736 9586 9544
4 9962 7924 9588 9806
3 9802 5082 7550
3 9856 9952 9977
4 4051 9377 2083 4733
2 1576 1477
4 9749 7049 8754 6859
3 6265 8953 9539
4 7151 8969 9903 8573
4 9621 9648 9626 6265
3 935 5647 4681
4 9960 8251 9938 6872
2 4054 5915
2 9547 3393
4 9552 6577 2318 5580
3 7842 8429 7345
2 8992 9042
4 8214 9905 9794 7001
3 9671 9821 8352
2 8474 9202
3 6835 8577 9502
4 9023 6663 7249 9297
2 7413 6674
4 6186 9996 9663 5367
3 8524 7038 570
3 8596 9921 9480
4 9110 9039 6424 7989
2 2910 6271
2 5186 1585
4 9969 9993 9925 7364
2 9679 819
3 1557 6242 8208
4 9733 9953 9610 7874
4 8982 7771 2852 7776
2 2261 6494
3 8702 4038 7968
2 6204 5880
2 6971 6616
3 9238 8421 9760
4 8367 8630 8069 9470
3 2013 4430 7111
4 7263 6223 5164 7670
2 5330 1970
3 6931 7734 3862
3 9843 8655 9641
3 9918 8728 9971
3 9990 9593 6534
2 8347 8729
4 8952 9834 7143 9878
4 9290 2711 8769 7159
3 1684 6349 9355
2 3612 2762
4 329 7750 9321 5643
4 8227 9648 9161 2228
2 9882 9780
4 7257 9716 8175 8597
3 3587 9050 9095
4 9722 9870 9426 1733
3 8225 8499 726
4 8034 9203 9927 7768
4 9999 8529 9788 9988
4 8999 8861 6944 7889
2 5113 3706
4 4119 141 2851 6290
3 5838 3432 1980
3 9930 9945 9711
2 7888 9733
3 9856 3070 9960
2 3214 7901
4 1929 5932 7635 7793
4 5475 9810 9143 9868
4 1700 9617 9654 9682
2 1461 1791
4 8677 4491 9360 115
3 9888 9374 6044
2 6227 7783
4 9673 9465 9571 9889
2 6626 8804
2 8645 8922
3 9165 9525 9871
3 2786 8727 6531
2 9820 5442
2 7180 7093
4 7165 9838 9789 8804
4 9980 9920 9989 9596
4 9400 8859 9885 9938
2 6617 7443
2 1750 6804
2 9979 8989
2 9847 8306
3 9669 7721 9730
2 7723 8339
4 9712 5988 9980 9979
3 3483 9208 3806
3 5485 7433 6513
3 5816 1308 8004
4 7874 9846 8778 9379
2 8423 8606
4 7575 9947 8795 8445
2 6819 9293
3 5672 7164 9133
4 9721 8859 4768 8944
2 2538 6454
4 9957 9941 7628 5858
4 2541 8962 2661 820
2 3660 1861
3 8834 9255 9233
3 9191 2110 8659
4 9021 6621 10000 9999
3 3156 8141 5276
4 9959 6609 9999 9079
3 9916 9967 9233
2 5713 7983
2 2618 2041
4 1439 9515 9221 9358
2 6437 6426
3 9804 9997 9712
2 3852 3922
2 9898 9852
3 3650 2714 4380
3 7608 7103 9414
4 4551 8635 8903 6472
2 4497 4703
2 8779 8422
3 8328 7223 9516
4 2715 5333 9832 5562
3 7549 7127 8143
3 9678 8359 2361
3 5274 4658 3425
2 9060 7822
2 2383 9088
4 4435 8566 7546 1851
3 7590 8388 9536
2 9938 9970
3 8584 6200 5565
2 4976 7797
2 9173 9174
4 9991 9989 8033 9999
2 8148 8124
3 9732 9512 8894
3 9551 6271 3417
3 9443 9792 7936
3 6937 7129 484
3 395 6678 6088
2 3624 6680
4 5472 9443 9506 6526
2 1578 2439
3 6547 5572 8339
4 4328 9954 9484 4553
3 9111 9404 9747
4 9927 9969 9916 2436
2 1229 7806
4 8907 9961 9267 4070
2 7180 1459
4 9363 8081 2621 6196
3 4994 8485 8608
2 8528 8974
4 5241 1250 5087 7283
3 9986 10000 9996
4 8918 8945 8438 7701
4 9983 9981 9624 9685
4 9952 8809 9885 9838
4 9810 9802 4037 9635
3 9071 4590 5475
4 7622 9749 724 9710
4 8791 7822 7181 6195
2 7163 5485
3 9471 173 4041
4 6523 9961 9891 9759
4 7761 3586 1175 5299
4 9936 9949 9763 7953
3 5040 5220 7282
3 8393 2436 9989
4 9790 9805 9128 9750
3 8499 5531 8775
3 6848 2138 7509
3 7487 3037 8135
4 9823 1938 9546 9900
2 7436 8888
4 8361 5932 8157 5171
4 3413 5823 7545 6958
4 2969 5155 7790 9439
2 6470 6156
2 2229 9474
2 9711 6004
3 8625 7916 1522
3 9235 7774 9985
2 6183 1951
3 8102 9131 1083
3 9317 9645 9947
4 7293 8038 6618 9241
4 8712 9881 9215 8853
2 7242 8186
3 9971 220 9796
2 6278 6166
3 9201 716 9038
3 9636 5808 9993
2 7549 9088
3 7121 8285 9739
3 2073 7896 3859
2 4804 2941
3 9491 8945 6053
4 3617 8093 9163 5798
2 3545 1860
3 9747 9619 9635
2 6998 9910
4 5180 5299 8470 9888
4 9264 683 1386 9995
4 9754 2394 7986 4251
3 7348 8391 4952
4 6779 9903 9618 6224
3 7825 9523 9972
4 9994 9919 9999 3613
2 8420 4201
4 9467 7247 9471 8420
3 3648 9856 9849
2 1026 9675
3 8856 4968 9110
2 1670 902
4 9659 3228 9491 9942
3 9091 3936 7494
3 7705 8014 7334
4 9042 1911 9455 8640
4 6160 9843 8381 9908
2 9802 9940
2 2274 8947
3 9558 9774 9982
4 3072 9042 3319 7703
3 5542 509 3028
2 4595 9912
3 9909 9606 7634
3 9898 1432 9560
3 9485 4109 9366
4 5233 9602 9321 3076
4 6250 9318 1081 4353
3 8524 2668 4999
3 4424 2009 8102
3 66 1384 7430
4 6942 8922 6471 9647
4 6401 10000 9641 9742
3 3589 9166 127
4 5508 9807 3584 9316
2 3140 5630
4 9542 790 8887 9854
3 8663 9237 7604
2 5705 2165
3 9614 8966 9773
4 9870 2580 4904 9810
3 6388 9806 9963
3 8277 9933 9628
2 8604 5740
3 6781 7009 8563
2 6648 3743
2 8916 6946
3 8373 4367 9317
3 4294 8186 4153
4 6166 7780 1838 1157
3 691 9997 5386
3 5184 3360 7094
2 1472 3348
3 9083 9527 7230
4 9624 7583 8100 6750
2 3105 4176
4 7272 9268 9917 2237
4 3120 8742 6591 6525
3 9983 9979 7328
4 9745 8188 9886 8216
4 8162 4721 9752 9695
2 8643 4619
2 4158 3072
4 3865 8030 9592 9286
3 9420 7659 9198
2 866 3679
4 9539 9444 8767 4136
4 1258 4098 6815 7823
2 156 4384
3 9315 9502 7449
4 9239 9549 5094 7743
3 8763 6966 8292
4 9905 9617 9623 9898
4 9650 9408 7901 8258
4 6290 9604 8854 9199
3 2603 9561 7293
4 9736 6650 9992 8385
2 4241 2141
4 3337 9412 4395 9110
2 9926 1803
4 9559 9644 9764 6553
4 9639 9981 6669 9601
2 4947 4827
4 5690 1655 3534 6359
4 7776 9688 9784 9561
2 9335 9209
4 8128 8596 2046 8324
3 9094 8195 5250
4 9888 9742 7996 9790
2 9548 5394
3 9960 8634 6962
3 9988 9160 8764
4 9294 8570 9820 9091
3 6233 8663 4502
4 6908 8552 9691 5601
2 6698 7339
4 8490 9114 9354 8455
4 9079 7444 8541 7989
4 9755 9620 6881 8033
2 1505 6882
4 8717 272 3005 7926
3 9991 9042 9985
2 9897 7223
4 7595 8558 5506 2157
3 9991 9999 2015
4 8786 7968 5246 9618
4 9976 9877 8827 5538
2 8604 8870
3 6638 3635 1534
3 6120 7395 4759
4 576 5193 1439 7672
2 6507 3875
4 8370 8270 9571 9391
3 7594 9967 9942
4 9661 6826 9001 9848
2 7980 5831
3 4923 5152 6812
3 8397 3078 7699
3 4623 1331 5659
4 9997 9999 5939 2140
2 1806 7733
2 5781 3605
3 9951 9811 5829
4 7557 8770 6721 5346
4 2319 8293 6976 6494
4 9670 9539 5695 9688
2 3342 6709
2 7672 9714
4 9837 7771 5608 6389
4 9986 9767 9949 9956
3 5433 9045 3368
4 4451 6965 1216 7417
3 8175 7405 3579
4 9596 9401 9931 6816
2 4187 6608
4 8877 9545 8886 9723
2 9057 8968
3 9820 7874 9865
4 5051 8627 8231 6201
3 3510 8024 6570
4 9780 6215 7507 9830
3 4158 5712 3877
3 3397 3216 2209
3 9583 9461 9916
3 3834 6040 3827
4 715 7213 7036 9178
2 8920 9717
2 3062 9145
3 6367 6796 5563
2 1750 9092
2 8642 6765
4 9831 9638 9540 6422
4 9840 9954 9995 9587
4 878 7211 5884 3165
2 6250 2698
3 9571 9071 9022
4 9480 6536 6976 8536
2 8176 7799
2 7933 1946
2 1932 3635
2 5673 9836
3 1566 1520 7016
4 9996 9978 9998 9916
2 9781 9845
3 5679 8847 9846
3 9556 7883 5900
4 9961 9923 3982 9904
2 7021 6554
4 1619 9738 9714 8647
2 5269 9179
3 5427 9480 6666
4 9876 9715 8666 1792
3 1240 6262 8362
4 9657 9097 9278 9422
2 7136 6897
3 5840 4573 3049
3 8962 5619 8647
2 9755 9988
3 8740 9621 9321
4 3274 7318 9362 9329
2 9075 5232
3 1512 8797 2102
4 5081 1397 2900 7996
2 4308 4930
4 4680 10000 9949 9997
4 8586 8723 5582 7882
3 7961 5661 6569
4 6691 9244 9331 9111
2 5602 530
2 8726 5192
4 9179 9499 5898 432
2 4363 9421
4 9271 9408 9780 9518
4 9065 8743 1835 8080
4 8074 8245 9135 7677
4 6307 7136 852 5258
4 4938 6655 3263 4769
3 8252 409 6862
2 8434 8894
3 446 918 9428
3 2185 8869 8669
3 9938 9644 9892
3 9507 8767 8415
4 9885 9931 9887 9507
4 8842 9833 7056 9227
2 8335 7585
2 5247 9140
2 8473 7204
2 3885 5974
3 2577 9530 5009
2 2547 876
4 2884 5374 6886 7520
4 8462 7495 9642 1162
3 826 8011 5956
2 2477 5106
4 9620 9293 9697 9497
4 4539 8541 4786 7200
2 8867 7242
4 3919 7260 5006 9165
2 9956 7979
4 9536 5837 8678 9097
4 9904 9967 9991 9981
3 9940 3894 9999
3 7226 6772 7270
2 1026 3510
2 5737 9055
4 9615 7751 9169 5216
4 9954 3407 9398 9594
2 6227 8283
3 9907 9819 9463
4 9827 6592 9975 9685
2 5489 4713
3 5673 8459 6412
3 7197 5496 8589
2 9597 8399
3 8881 9690 9417
4 9664 9713 5705 9894
3 8855 8702 1689
2 8609 4972
3 6822 5781 8533
3 9370 9980 9962
4 6485 9864 9894 8868
3 8238 4129 8390
3 9982 4556 9805
4 9777 9775 2590 8318
2 5665 7068
2 5830 9549
4 8542 8806 9150 9096
4 9814 9909 9787 9985
4 8268 3130 7133 8203
4 6712 7475 9288 5183
4 9813 9788 1953 7834
3 7282 4146 9649
2 4093 4848
2 6190 3574
2 1774 4854
3 5183 5822 9502
4 9138 8968 6187 9513
2 8690 7575
2 9085 8732
2 1640 9686
2 7303 2274
3 10000 8266 9998
2 6399 4823
2 4910 6946
2 9733 8553
4 4172 8124 6407 3664
3 5496 8305 5074
2 7645 8998
4 9804 9773 2037 9771
2 3950 4319
4 9410 9816 960 8319
3 9307 9572 3517
3 9738 9971 9255
4 9912 9911 9978 9999
2 8312 8972
2 9241 9251
3 9750 9574 9124
3 3240 1977 9312
4 2951 722 7272 1774
2 2390 1077
2 9890 9901
3 8900 3778 9428
2 813 8326
4 9635 9803 8781 8560
3 5891 9584 9255
2 169 7025
4 9550 7496 3212 4253
2 8183 3224
4 8244 9280 9495 9978
4 9517 8577 9839 9880
2 9127 3811
3 8410 9169 3109
2 5927 6661
2 9542 9374
2 9548 6095
4 7551 8497 9380 2364
3 6905 4455 9810
3 9510 9423 7839
2 7914 9917
2 6191 8745
3 9075 5627 5201
2 7888 7732
3 7044 1040 2982
4 570 4740 9895 9921
4 8696 9954 6692 9642
3 7618 7414 3059
2 5004 6838
4 9974 9820 7614 9741
2 3048 7794
3 1176 1164 6064
3 5515 8908 9829
3 9737 8401 7456
2 9693 7874
3 9986 9266 9418
4 490 9467 6522 3944
3 8271 7260 7144
2 4457 4015
4 5742 2226 9032 5994
4 9996 10000 1961 9980
2 151 2927
4 1022 8540 8559 4963
4 9861 8262 9204 738
2 1928 310
4 8464 9977 9023 9551
3 4273 9986 9572
4 6178 8501 7925 9138
2 8254 6575
2 4200 7138
4 3215 9679 9202 3427
2 8593 3694
3 6470 9227 9650
2 2130 1137
2 9500 8982
4 9985 9886 8277 9896
3 9995 10000 5168
2 7561 8098
4 7786 8300 5762 5937
3 9072 4382 5545
2 8779 8591
3 5361 8718 4299
4 9954 9273 9896 9966
2 7209 9684
2 7694 5884
3 9072 9601 9994
3 9995 9968 9895
2 6423 1179
4 4783 8928 4564 2746
3 5772 9631 7871
3 3988 543 8032
4 9973 10000 9997 9247
2 5670 160
4 8272 3399 2782 4092
4 8755 9895 9821 9765
4 8571 9597 9202 4553
2 1942 8105
4 9843 7340 9380 1713
2 8989 4751
2 8988 8253
4 3431 9616 8370 7360
2 3798 8075
2 4045 5756
4 9505 7515 9767 5275
2 4719 7956
3 9255 5332 8139
2 7244 9686
2 9880 9828
2 7805 7536
2 2420 6493
4 9951 5000 9262 9953
3 8438 3754 6923
4 9996 9792 9998 9681
3 4071 8087 9642
3 9316 9334 4234
3 9686 9634 9485
2 4000 5714
3 7985 8450 9454
4 8825 9858 7406 8189
4 8997 9754 6558 3070
3 5256 9204 7453
4 9947 9998 6900 606
4 4635 5196 8849 9917
3 156 5435 2013
3 8617 5292 7567
2 3147 3372
3 1986 8398 949
2 9896 7345
2 2476 4603
2 7798 2889
4 4982 5102 8642 5856
4 8833 6211 8385 5661
3 7520 6716 9130
3 3075 6972 5971
2 5027 7457
4 9143 8934 6865 8992
4 1007 9817 4419 7948
4 7410 9864 9989 9909
3 8814 8543 7420
2 7758 3233
3 9957 9980 9997
4 7490 5194 6321 7659
2 9878 8842
3 9675 7609 3512
2 9165 7439
2 6965 8940
4 3870 4180 3401 9829
2 9017 182
3 9011 7540 1309
2 3268 2040
2 5363 6460
3 8632 8134 1773
3 2703 9971 9951
3 9199 9422 386
2 664 3806
4 3762 2932 8935 6578
3 6398 1921 8882
3 5574 4816 8288
2 3457 6916
4 8387 7602 4367 6702
3 6421 7975 9141
2 8751 6553
2 352 5041
3 5285 3781 7705
4 9536 6627 9178 8458
4 9940 2638 1111 9355
2 1129 1831
4 8484 9233 8741 2427
3 7247 8317 6709
2 5700 6209
2 5424 7163
3 9678 9089 8974
2 1012 2108
4 2183 5436 1048 7713
4 6377 8519 9059 8891
3 7930 8039 5903
3 641 8713 7169
3 4319 6425 5864
4 9221 8984 6126 8007
3 9205 9549 9704
2 6064 6983
2 6449 5947
2 8213 9435
4 8688 8300 7954 5639
3 4618 4701 9810
4 759 8651 6250 3490
2 8884 8747
2 7070 9582
3 6350 5204 5730
4 9952 9083 9984 9734
4 9086 9865 9418 9903
4 9661 9866 1248 6847
3 6023 45 8898
4 9962 3604 9994 9543
3 9036 8556 9516
4 9457 9962 9984 9996
2 2988 3056
3 7247 2476 51
3 4897 8127 6992
2 1442 3007
4 9490 2973 3942 9961
4 9796 9697 9520 7125
4 6449 4230 3137 2769
2 8030 8715
2 3961 483
3 7311 7202 944
3 5250 9904 2680
3 9879 5178 8014
2 2961 8614
2 9244 3600
4 8642 9454 7394 7462
3 5111 7557 8286
3 8742 9722 704
4 9959 9786 7744 7076
3 2576 9868 9523
4 5272 6226 9824 9726
4 7787 6431 9584 2288
2 9551 9422
3 9607 5371 9122
2 8825 8577
4 9933 9718 9833 6749
4 9465 9068 6651 8888
4 9988 9958 9330 9884
4 5106 2700 9896 6052
3 9884 9961 3108
3 1697 907 8543
4 2344 4693 9725 7056
2 9653 7674
4 7396 2374 8324 196
4 9908 9994 9974 10000
3 3990 9614 8777
3 1424 8161 8980
2 8521 9410
4 9714 9781 9662 9410
3 9046 3678 9766
3 7000 8698 7715
4 9947 9509 9702 9915
4 7284 9933 9728 9550
2 9696 9640
4 9725 9722 9028 8964
4 9561 9712 9707 6745
4 9478 7450 8347 5676
3 5446 4581 9666
4 5509 9993 9907 9957
3 9855 9943 9883
4 9634 8694 2736 9389
3 9461 9501 9543
3 9960 8670 7674
2 4494 9070
4 9378 9950 9912 9871
2 4775 2069
4 9964 9968 9972 9817
2 8673 6418
2 3424 7465
3 4725 3449 6846
3 8270 9727 1102
4 2396 7860 7381 3389
4 9970 9737 10000 9989
4 7941 5595 8604 9627
3 5904 8725 7021
3 7987 8455 5147
2 4306 8681
2 7508 5797
3 7149 7358 5115
2 8238 5126
2 8278 2373
3 6755 2471 8038
2 9267 6012
4 9942 9458 9696 1951
2 3370 9605
4 9886 9188 4511 9779
3 6176 9158 7630
4 8450 9676 9803 9703
3 6288 9505 4340
4 4121 7663 8225 9983
3 9936 9887 7348
2 2399 7999
2 9400 3367
2 7140 8840
4 9790 3671 9992 9963
2 6911 721
3 9823 9667 9814
4 9649 9730 6842 9717
4 9352 3720 6527 7056
3 3302 9366 3185
3 9647 8492 8499
3 6354 7241 4299
3 9184 4710 8455
3 962 831 4374
3 8075 7449 7548
4 8398 6079 7824 1872
2 6546 3369
4 9614 7919 8992 5903
4 9710 3585 7654 9492
4 7412 6547 9543 9829
3 2077 9911 9571
3 8718 6364 9936
3 539 7393 9975
3 3255 75 1558
4 96 9441 7648 9806
3 8796 6287 8478
4 9449 5713 8557 3766
4 9811 9414 6638 7806
2 9937 2090
4 6950 9171 9593 9974
3 8023 7441 3873
3 7225 9947 1135
4 8841 8175 3742 433
4 9573 7614 4800 7872
4 9024 9518 5979 4623
2 7539 3261
3 9950 9995 10000
4 5402 9375 8152 164
4 7894 5239 8899 6505
2 9731 8784
2 3298 5454
2 7866 7145
2 4183 5240
4 9546 1408 9099 7305
3 9932 7155 9909
4 9950 9670 9989 6263
4 9800 9594 3493 2950
4 9589 9476 9990 9761
4 9562 8715 9182 5805
3 5792 6919 4446
3 9685 6937 8694
4 9990 4915 10000 9384
3 9392 9875 6736
4 6602 8631 9915 8094
3 7059 9095 2906
2 2141 6069
2 9499 7863
4 8919 7873 8694 8897
2 4024 337
3 9629 9991 9150
4 3668 9842 8186 1920
3 8808 9693 9600
2 7135 8803
2 9821 2929
4 9803 9024 363 9622
4 5751 8145 9394 2871
2 7418 8059
3 9890 9512 9849
2 1569 5943
4 5669 8101 8331 4831
2 2206 8360
2 7285 6777
2 9715 9041
2 7070 8239
4 5612 6106 1661 5867
3 7381 7764 428
4 6949 7607 9010 3423
4 8734 271 8312 4665
2 7114 3978
4 8679 7864 9340 9220
4 4941 8379 6604 5248
4 5496 8787 7981 6345
2 7042 3127
4 3730 8022 1403 2913
3 9849 9911 9954
3 8625 3872 8073
3 9302 8794 3400
2 4255 2096
4 6284 8633 5438 8578
2 6997 6670
4 4712 9893 8467 9953
4 1701 9876 9771 9091
3 4164 7339 7636
4 9961 9899 3445 5915
3 8630 7000 8043
3 7324 5914 7997
2 2463 60
4 7309 6184 6524 1127
3 1094 5119 4890
2 2524 4963
2 4991 4435
4 9929 9572 8260 9728
2 9328 1535
4 9753 5788 9979 6067
3 9298 9518 8365
2 9797 9081
3 3046 7722 7609
4 9865 8105 9697 5469
3 9642 202 7987
3 7883 9529 9792
4 8882 9524 9164 9404
3 8527 1462 8727
4 9005 5722 5367 518
4 8086 8769 4034 7622
2 4608 1794
4 6737 3387 9729 9756
2 7862 6684
2 7905 2988
2 7122 3417
2 8075 4135
3 9958 8720 9979
3 5995 9282 3083
4 4777 6981 5262 6373
2 2931 8195
2 2455 8564
3 8753 6339 9189
3 9380 9099 9979
3 9559 9798 9476
4 9044 3143 5913 6722
4 9823 9091 9968 9997
2 7618 9097
3 9979 5759 9783
2 6208 8986
2 6347 4174
2 298 9900
3 3697 9166 9365
4 3531 2101 9269 9415
3 9905 9919 9958
4 7183 9324 4196 3050
3 3498 7759 8482
4 10000 9999 9963 9995
4 2287 9867 4996 3584
3 1889 8824 6317
3 3364 1820 8581
4 7571 205 8799 5798
3 6737 3164 8506
2 8125 6566
2 9166 9944
3 7990 2387 8420
2 8173 7242
3 9284 9748 4244
3 426 8444 9858
4 3921 6228 3312 9314
4 5866 6878 1603 8748
4 9710 5252 9872 9866
2 2162 7610
4 9051 10000 6357 9663
2 2259 2831
2 9647 7880
4 9876 9973 6809 8647
4 436 2974 2422 7978
3 8503 5169 8683
4 9703 9562 6597 8383
2 9678 9970
2 6032 3017
2 9788 9951
4 8094 9478 5234 9830
2 4373 164
3 9593 9868 8597
4 9981 9560 9868 7973
2 6816 8382
4 8687 7121 9882 4401
3 8407 3242 5220
2 372 1580
4 9035 6150 8883 5197
2 4512 3922
3 8823 9810 7658
3 1218 745 6604
2 7060 3533
3 5311 8929 8453
3 9025 5726 9801
3 4260 8558 4580
2 1246 7114
4 5598 3571 6998 8295
3 6332 8133 9283
2 4199 9837
2 9057 7533
2 9459 9041
2 3109 7321
4 8817 9621 9297 9856
3 8113 8392 9160
4 9551 5051 9762 9397
4 1711 6408 636 8971
3 9605 7415 7800
3 8152 9023 4091
4 9370 8390 5849 7160
2 7067 3650
4 9995 9983 9997 5880
2 4165 6650
2 9014 7952
4 7953 2858 6274 5074
3 8830 5508 9070
2 429 8808
2 4740 7783
3 8742 7261 8987
2 8526 3237
3 6488 9477 9465
4 9644 3988 9993 9365
3 9566 9997 10000
3 7808 9848 9859
2 2766 6672
4 9185 8733 8264 6811
2 828 8206
2 6284 8012
3 9696 9749 2398
2 6988 7187
3 3390 7751 7613
4 9929 9187 9799 9933
2 8863 1174
4 9618 8829 8835 9527
4 9503 9915 7595 9924
2 9070 9152
2 7050 6636
2 9800 8853
3 9492 9765 7945
2 9655 9366
2 8247 9345
2 9706 6354
3 2336 6843 553
2 1128 3417
4 6843 9796 9859 9744
3 5554 8886 8752
2 5843 8703
4 9915 7954 9926 9997
4 4690 9159 7221 5969
3 4193 9318 8909
4 4081 4141 9516 5360
3 4799 9279 8832
3 5110 2883 5152
2 3911 4191
4 2960 7466 7102 2067
2 8738 8994
3 8044 9479 6617
4 6967 9857 5470 9796
2 3353 6306
3 9970 9529 7861
3 6670 8548 8402
2 1772 2434
2 9388 7557
3 9988 7925 9994
3 9743 9429 6794
3 5868 9158 5609
3 9051 4814 9894
4 9255 4419 9865 9481
2 2818 4923
4 9997 9912 9998 9703
3 9301 8564 9360
3 9162 9485 9214
3 9563 7823 8802
2 8347 4951
3 8716 9518 7946
4 6014 1845 9370 6580
