100 100 100
44 69 63 19 5 68 20 85 34 84 26 98 48 36 10 2 2 17 7 84 72 25 77 10 32 88 20 96 64 82 17 17 64 61 20 61 37 28 94 16 44 81 55 8 89 84 9 52 96 42 91 81 45 6 16 97 80 49 20 98 100 1 26 17 17 28 20 69 25 79 32 56 100 79 72 88 64 91 4 62 64 76 60 29 81 18 9 42 99 9 86 45 51 41 33 91 50 94 64 35
38 83 17 68 28 9 1 55 37 53 40 42 30 36 63 5 48 43 68 54 74 67 67 93 38 13 47 82 86 24 11 30 71 37 98 7 93 80 14 13 11 53 21 87 11 41 27 52 1 24 33 43 7 3 70 98 8 55 15 55 7 1 77 30 33 25 67 56 72 59 48 77 70 97 46 66 81 83 1 23 68 64 15 7 12 74 20 39 62 34 79 15 60 50 51 53 79 87 60 68
35 95 86 52 51 32 57 9 49 75 4 90 14 73 27 5 39 24 75 21 27 53 37 75 93 54 4 17 18 83 65 84 52 59 28 50 10 53 48 10 100 72 56 88 11 45 57 37 2 3 81 55 20 62 74 61 22 9 24 75 58 13 89 41 81 59 75 62 62 25 24 52 48 35 77 98 46 57 5 71 3 41 54 98 77 23 22 87 19 16 51 46 62 60 5 42 36 24 26 93
20 41 92 90 10 47 59 56 60 81 18 99 44 90 32 50 53 5 4 32 32 78 34 43 62 26 41 91 7 17 85 67 59 75 50 59 79 44 51 78 52 13 66 18 95 21 25 14 56 72 22 48 73 76 20 50 23 77 37 92 80 59 56 11 76 32 20 24 33 47 92 43 7 37 31 74 54 82 16 83 47 68 46 8 94 85 41 14 65 51 28 85 74 45 68 70 26 64 71 78
42 83 75 39 72 45 78 85 88 26 13 5 62 53 25 14 27 1 30 24 31 70 24 14 32 59 56 27 62 43 55 30 92 41 79 88 28 73 6 82 96 72 21 51 64 99 42 48 68 85 54 40 85 55 11 92 24 94 68 76 83 72 48 14 25 92 31 8 47 28 13 69 52 21 39 14 13 78 27 40 17 12 21 49 76 58 5 29 53 97 29 86 42 73 81 72 4 100 82 11
43 12 41 11 87 31 87 34 71 5 78 16 66 63 27 88 100 39 92 11 67 97 26 72 31 21 83 91 16 22 5 71 35 71 51 82 81 97 22 79 99 78 96 27 91 1 21 89 24 62 90 1 45 49 3 16 57 67 74 55 67 50 22 21 9 87 15 52 41 61 14 92 87 75 61 54 96 94 30 75 1 95 24 39 65 94 88 27 92 1 14 77 28 78 44 96 21 90 40 23
89 51 65 1 79 50 25 39 57 79 50 51 18 54 22 2 54 2 10 13 25 93 34 71 86 64 44 42 4 1 15 57 60 63 99 87 2 21 15 40 23 16 29 41 12 30 44 24 80 92 56 45 40 32 64 19 87 44 40 12 2 88 81 61 50 30 30 10 97 29 80 79 8 31 76 4 78 49 18 79 63 57 22 75 80 62 6 24 66 49 62 90 50 87 23 51 3 16 64 66
40 74 100 42 45 10 74 61 89 1 43 62 87 79 57 45 53 27 100 98 95 87 81 95 57 58 4 32 87 51 28 74 18 20 11 36 91 29 48 3 29 28 48 93 20 62 96 9 25 39 88 9 70 67 62 80 70 89 99 54 38 10 19 55 99 43 20 93 24 59 100 4 9 4 25 68 98 73 19 40 81 14 60 41 27 28 96 29 29 95 27 39 68 58 92 13 60 87 37 34
57 56 56 54 13 50 53 71 65 40 86 93 55 100 66 14 97 82 51 77 80 58 45 78 53 53 67 11 96 4 64 25 39 41 3 13 82 30 66 6 57 32 22 77 11 41 40 93 66 2 87 21 60 17 21 39 33 63 80 46 52 13 34 96 68 61 14 42 59 64 50 66 74 96 74 56 40 92 54 69 53 68 1 36 88 47 30 22 32 34 87 42 80 16 6 62 98 17 8 85
86 48 34 82 80 44 38 61 19 59 90 6 46 10 100 23 94 97 81 7 10 37 73 38 59 23 34 31 7 100 33 30 56 86 18 73 75 73 46 13 72 32 10 60 9 75 76 14 42 44 63 95 76 1 21 83 6 40 8 87 5 6 13 84 35 21 29 97 24 63 71 64 9 56 31 91 99 64 25 37 93 22 70 96 68 28 16 16 96 1 93 10 11 4 29 24 7 79 36 26
49 28 96 26 13 44 89 23 50 15 80 39 10 32 94 28 63 2 76 50 61 43 41 56 4 89 96 45 51 62 27 14 59 19 9 14 86 74 32 33 15 99 4 57 14 94 13 86 57 22 19 81 75 50 23 86 62 69 70 16 20 20 94 91 22 17 43 12 72 75 35 83 42 57 77 2 13 48 21 82 55 32 93 37 27 22 24 95 20 13 79 53 9 43 93 43 59 84 1 34
72 3 35 55 79 4 92 43 50 5 71 60 87 29 44 9 67 35 77 99 97 29 60 7 91 100 99 76 16 99 39 22 86 9 72 56 82 77 68 52 65 79 59 33 10 56 14 34 27 45 19 78 75 76 56 84 61 4 50 73 94 3 22 12 5 35 18 22 4 3 1 44 27 77 8 87 97 33 66 43 7 11 49 8 69 78 19 61 24 61 68 62 38 91 24 85 65 60 57 21
23 86 19 1 88 78 16 100 82 77 33 65 53 47 86 57 11 87 34 1 39 47 73 43 58 88 79 69 27 27 100 78 24 7 79 100 31 7 33 59 47 95 93 56 80 47 45 30 29 20 32 46 31 72 51 29 8 97 63 56 95 62 4 56 96 57 68 60 28 1 4 60 6 32 88 24 6 97 11 18 74 97 37 73 87 75 76 90 74 66 14 89 64 31 21 14 81 37 34 83
69 26 53 15 77 79 5 28 11 79 64 96 16 65 1 73 28 100 57 60 98 40 10 81 63 31 59 22 21 66 90 9 47 87 79 96 10 44 37 80 32 14 83 78 14 76 21 95 78 54 86 46 98 58 14 12 83 30 69 95 78 84 39 72 25 28 35 44 63 80 83 26 17 2 78 67 68 98 84 59 20 99 59 56 8 17 83 81 37 37 45 33 50 60 17 58 8 29 73 93
46 83 19 56 49 67 99 72 94 12 6 84 42 77 3 22 11 4 47 57 100 1 93 45 79 10 68 80 47 2 81 81 53 27 45 15 72 53 91 7 80 10 60 43 58 13 20 1 90 55 48 84 57 33 21 61 99 16 29 97 44 75 23 11 55 95 62 94 3 16 13 18 18 79 65 24 1 4 44 11 83 47 6 77 11 68 3 43 64 92 47 98 79 79 70 99 7 32 85 58
46 32 55 32 48 87 41 70 5 88 95 54 53 39 27 29 47 14 49 78 72 74 6 79 17 16 8 46 87 92 70 63 12 29 67 41 11 91 72 30 14 50 83 65 51 60 61 55 21 42 4 50 33 37 47 43 69 44 6 62 46 70 33 100 30 50 94 57 41 10 23 84 75 50 26 100 55 49 43 40 36 62 20 91 65 89 85 91 20 77 23 37 40 7 91 2 63 97 68 100
71 64 29 79 97 99 26 11 100 91 26 92 60 48 29 69 91 55 16 30 30 13 34 53 69 6 31 49 8 36 1 62 25 34 70 88 11 95 16 50 38 1 8 39 30 78 55 61 63 78 92 22 2 21 82 4 49 52 5 48 20 88 40 96 79 83 86 90 90 21 67 6 21 55 43 72 30 42 85 86 84 2 58 5 20 13 12 1 35 48 62 76 8 1 30 29 18 48 30 63
9 36 6 29 89 69 2 100 71 61 8 55 24 96 77 55 41 17 64 72 53 54 97 65 51 83 27 68 28 44 37 37 93 2 88 89 18 77 70 82 45 67 24 30 54 31 17 74 77 33 10 30 2 47 42 30 42 26 23 19 74 36 4 44 69 25 10 5 12 56 78 39 82 4 28 46 94 16 14 99 15 13 97 97 62 34 18 80 57 94 21 34 97 91 21 49 74 94 44 89
83 96 90 39 7 36 10 72 92 46 49 17 84 88 94 19 21 24 35 11 38 99 79 39 79 13 34 28 88 65 81 85 51 24 66 93 90 63 56 94 76 78 65 74 23 92 25 43 51 68 99 46 72 89 43 99 10 87 86 45 26 26 87 22 40 77 27 98 71 16 59 62 78 91 83 3 65 35 62 65 21 50 22 54 5 23 50 95 48 56 46 67 40 17 72 30 90 54 52 86
65 9 51 54 62 29 5 56 45 63 21 1 33 99 30 58 77 75 35 82 91 80 73 71 83 10 29 15 33 52 25 5 85 40 39 56 68 21 97 20 80 14 49 23 16 46 33 83 90 91 40 32 45 16 67 48 3 37 66 32 57 1 63 22 55 35 1 51 76 18 62 36 45 81 71 40 2 12 94 85 21 53 79 1 92 96 4 100 71 90 78 25 2 52 92 9 49 68 35 27
82 24 25 63 49 97 79 54 11 88 94 24 8 3 21 17 18 86 89 72 48 100 63 38 45 15 14 40 94 36 50 57 86 56 61 2 43 36 73 43 23 78 19 63 99 82 10 61 29 21 33 95 1 73 47 51 52 22 57 17 20 11 13 23 92 18 6 89 76 95 8 70 51 23 79 71 89 74 13 99 84 70 12 95 47 19 42 65 88 33 23 28 31 77 18 35 76 73 44 16
96 29 38 91 97 2 49 95 63 95 55 77 22 23 66 33 25 100 50 63 86 33 82 71 40 78 71 36 22 29 55 86 86 32 49 18 78 20 94 85 80 33 72 66 89 84 80 92 44 34 78 100 12 82 85 52 3 14 1 46 67 66 44 59 98 43 13 16 23 40 17 30 21 96 24 86 68 79 93 1 71 6 33 42 11 62 97 15 75 25 80 49 9 85 90 5 77 33 32 7
26 43 46 77 9 43 95 29 19 3 9 72 83 24 12 25 36 27 1 42 28 70 23 69 29 30 70 6 35 48 72 65 45 75 33 32 61 100 76 88 5 45 69 93 71 56 11 47 1 89 45 19 68 75 48 35 40 11 39 39 47 74 11 57 46 27 99 92 12 34 33 17 40 79 32 11 48 6 1 57 92 59 37 46 72 94 57 33 80 79 9 31 14 85 91 79 39 8 39 32
95 8 40 82 7 17 22 66 65 93 11 68 71 45 78 4 94 89 95 13 78 47 28 43 99 87 48 99 66 41 25 61 82 35 18 22 26 25 19 100 75 19 74 47 8 76 78 1 10 10 5 10 51 93 40 3 31 9 24 29 77 11 22 31 48 19 86 97 21 30 76 27 62 95 87 10 9 43 80 49 99 10 89 32 77 21 18 42 5 87 93 10 58 24 84 57 65 5 57 67
80 49 88 44 65 68 89 81 100 79 5 51 62 97 93 19 30 30 9 85 34 93 16 72 51 35 42 65 18 79 44 36 39 88 19 70 12 84 91 44 84 91 3 88 26 71 2 52 80 84 26 60 89 7 41 77 15 77 97 80 83 21 81 40 38 11 46 46 64 13 24 71 80 87 33 96 36 64 24 49 53 87 68 38 23 92 36 60 49 49 67 93 3 65 92 92 13 1 52 68
49 28 5 99 2 100 99 46 24 100 10 48 15 17 19 12 55 98 92 9 39 28 42 26 59 38 15 79 4 38 85 23 14 45 58 22 21 62 5 35 84 59 94 88 56 43 19 98 74 28 18 69 12 21 33 79 38 72 40 61 47 27 33 100 80 72 98 38 40 79 28 58 7 8 82 69 11 87 32 15 60 85 86 42 43 48 77 62 8 6 48 74 42 55 93 62 46 57 35 50
93 93 59 92 27 61 83 67 7 40 83 60 67 74 76 94 38 70 52 13 35 58 59 34 94 26 8 63 5 100 79 38 75 8 87 25 80 24 1 70 78 83 71 93 94 96 75 99 28 34 41 60 44 50 32 90 33 77 22 77 8 77 23 79 6 47 95 37 79 74 39 23 31 55 81 25 91 73 69 87 53 32 92 13 98 55 81 92 64 51 75 20 40 55 22 27 86 70 18 71
32 48 30 92 90 40 7 65 7 94 44 33 45 61 50 98 46 22 80 42 87 9 28 70 92 32 50 16 63 81 19 72 98 40 86 3 2 99 7 17 45 35 85 89 100 97 66 19 99 61 2 15 3 18 32 53 49 70 5 93 65 38 23 59 78 67 63 19 41 4 64 84 93 80 7 24 98 35 40 22 83 89 83 79 78 11 16 69 74 2 40 94 80 62 36 97 39 97 45 12
10 25 91 91 12 85 32 44 79 79 84 77 6 97 14 58 69 2 30 15 52 21 51 99 100 35 5 82 33 86 55 82 9 84 31 89 46 45 2 27 43 9 23 16 9 71 32 52 33 82 100 79 31 53 74 16 21 56 67 9 30 37 66 98 74 49 8 88 98 42 54 40 66 34 64 48 83 94 74 74 44 13 41 17 30 71 48 65 3 46 92 55 27 16 6 46 29 87 74 77
81 2 52 55 52 82 7 1 17 62 69 14 84 3 78 28 89 19 46 19 38 84 14 96 95 78 11 60 34 70 2 67 18 83 43 16 25 72 17 79 7 62 16 30 39 100 30 61 45 49 60 13 66 11 12 80 55 74 13 39 85 43 23 76 38 19 53 51 89 28 89 73 56 28 33 13 95 33 57 39 26 61 6 46 75 69 59 58 54 93 75 15 82 85 21 25 8 51 80 73
100 26 79 80 81 62 50 95 58 45 3 43 39 38 79 12 73 1 42 54 66 4 30 4 61 25 12 41 9 64 49 40 15 19 83 63 5 53 73 68 34 25 13 73 44 22 41 79 97 25 49 30 31 17 46 87 34 22 29 62 5 44 63 50 8 7 66 20 20 49 86 33 2 64 54 17 79 55 54 61 69 85 60 68 34 53 47 62 57 40 95 53 55 20 44 86 16 85 95 77
72 26 83 36 61 19 94 58 45 63 35 91 58 29 68 32 18 44 80 91 94 32 58 73 67 51 38 12 47 85 38 78 10 60 22 71 53 9 41 69 9 72 67 2 5 94 59 44 32 62 18 89 62 73 3 96 94 7 10 60 98 48 88 12 89 51 32 69 49 62 96 9 32 47 84 61 4 36 8 2 68 7 61 96 83 52 85 43 28 55 100 11 23 77 76 67 54 95 81 54
40 95 6 7 37 28 100 24 36 53 36 98 73 62 25 52 94 16 84 73 16 18 64 27 40 80 58 26 40 12 33 94 80 83 39 91 49 87 24 39 26 75 1 90 23 9 42 93 91 17 24 11 2 58 33 86 79 54 74 11 5 17 83 58 16 35 64 60 67 20 20 66 32 74 26 60 52 3 75 59 7 68 90 57 83 17 56 91 97 94 93 87 29 52 89 12 92 42 28 52
21 71 79 42 28 89 71 48 37 71 17 75 36 96 25 82 63 1 57 50 99 45 34 89 93 15 57 50 36 84 67 48 95 40 75 77 4 52 9 4 68 18 36 76 96 54 45 91 65 100 76 95 4 82 69 47 76 79 35 35 64 66 49 23 6 23 54 89 62 4 3 13 89 93 60 82 77 85 35 80 14 63 32 30 59 82 42 42 79 33 25 35 16 55 11 47 26 83 13 9
92 52 81 54 47 26 16 45 80 45 2 61 29 14 59 4 38 31 82 89 22 7 25 70 20 96 56 64 22 6 15 33 20 45 99 69 63 22 53 5 50 67 22 81 95 61 75 59 55 16 32 37 16 2 4 48 32 36 68 36 46 78 98 49 60 22 34 31 84 25 19 74 89 98 31 60 39 52 17 33 96 38 21 18 45 78 26 30 48 80 88 49 71 12 8 10 34 32 85 48
43 87 10 13 19 75 70 24 38 22 52 53 32 44 87 7 10 38 15 62 52 30 79 47 57 100 94 74 73 89 44 35 84 59 54 97 19 61 14 99 76 93 26 39 86 51 16 21 39 56 99 94 80 93 33 36 35 39 8 95 9 20 40 73 77 95 82 73 72 32 71 97 87 60 65 28 88 1 79 84 75 15 97 17 20 46 2 30 30 95 69 28 1 22 32 21 85 58 7 15
36 25 50 44 6 70 78 30 33 53 57 51 99 50 62 91 84 71 27 13 73 52 63 41 87 17 76 80 38 47 41 3 5 35 98 62 35 60 9 43 29 8 49 7 10 79 46 40 4 64 83 19 64 52 56 90 74 45 72 50 28 56 40 99 17 63 71 99 78 31 41 41 92 33 99 8 89 88 40 29 17 96 82 66 53 86 29 43 6 57 97 95 60 51 75 72 95 76 65 96
60 53 47 50 89 93 15 97 27 87 14 12 9 7 84 34 62 6 69 25 23 65 34 98 54 65 72 3 79 11 29 69 77 43 91 13 26 99 54 35 93 26 14 71 97 2 70 32 23 87 78 10 97 34 95 72 81 10 97 27 97 47 34 74 4 9 41 62 22 11 30 82 58 62 65 13 41 76 71 72 65 99 42 36 48 19 21 68 90 34 55 28 80 16 88 14 82 71 53 86
97 66 34 41 55 31 87 18 74 41 16 50 55 32 58 54 56 100 94 91 4 69 5 14 6 31 99 18 18 84 94 31 87 39 75 85 4 53 47 94 10 94 71 25 54 83 82 28 37 26 68 41 75 67 45 33 94 7 32 46 48 54 38 15 72 47 15 62 16 23 6 25 83 15 62 38 5 52 34 86 23 88 63 38 61 72 73 34 76 92 62 93 70 56 63 29 72 77 21 91
71 7 24 76 63 70 85 61 61 31 21 93 10 7 69 9 35 80 42 59 76 59 30 100 97 73 69 33 31 17 97 57 18 88 17 58 91 57 90 13 26 76 12 27 86 62 36 14 48 38 84 38 50 88 94 10 24 23 22 3 54 56 8 11 41 61 29 78 52 24 71 47 43 51 95 54 11 18 4 35 61 40 82 62 2 49 20 8 16 80 8 31 11 25 49 55 71 36 3 70
17 2 55 2 53 24 70 85 17 38 11 90 73 92 93 3 4 76 35 26 8 33 97 50 35 29 40 11 36 87 13 93 9 11 78 19 23 19 32 12 32 30 27 79 74 39 57 21 80 89 8 96 78 6 86 22 22 47 97 67 81 95 53 56 58 32 81 82 85 27 43 87 61 95 79 48 4 62 46 12 62 67 46 73 30 55 66 25 48 47 81 48 58 8 75 97 74 32 7 31
24 30 89 70 78 56 75 31 76 19 32 49 2 46 17 38 61 72 16 74 74 54 83 62 94 90 97 90 91 76 72 73 12 6 31 30 8 69 56 9 49 87 6 50 61 47 5 42 66 25 63 97 6 23 23 97 34 73 45 41 56 35 24 37 56 96 76 62 3 47 93 5 32 14 42 61 85 21 10 66 94 54 40 50 81 47 90 100 97 61 84 100 68 33 88 86 9 5 66 45
36 6 38 96 29 91 2 53 35 97 53 30 1 95 91 42 80 37 6 44 28 90 74 50 29 91 39 33 66 79 19 41 77 36 95 49 59 96 82 74 91 34 73 58 66 71 71 83 41 54 69 32 38 28 99 44 34 92 21 6 84 39 92 14 20 60 53 34 31 20 24 37 10 12 71 53 42 4 66 7 77 65 19 85 64 82 2 80 71 77 91 100 91 61 1 42 75 79 31 65
76 2 78 96 50 68 6 23 20 40 30 17 25 86 90 19 2 66 16 100 16 33 4 68 62 73 57 58 52 35 1 2 54 32 9 21 12 77 30 66 88 8 8 41 99 21 40 61 58 46 73 30 37 24 16 22 97 50 10 39 21 3 68 99 62 4 53 94 5 48 31 8 52 33 83 79 85 16 1 49 47 8 85 72 49 67 7 53 93 30 14 96 16 4 67 46 96 59 6 25
91 68 57 50 65 25 93 87 38 16 63 64 23 74 72 97 14 85 46 15 45 28 94 84 63 33 78 23 91 53 19 21 100 1 61 15 90 45 72 34 65 51 92 73 74 97 61 53 51 75 24 41 22 47 89 86 92 71 49 99 64 83 26 31 46 52 62 8 16 29 29 70 8 8 63 62 69 49 69 8 36 92 1 58 72 24 93 51 81 17 53 14 14 78 77 49 19 56 85 29
50 89 84 77 77 36 84 59 80 6 68 7 21 52 98 36 66 12 16 68 100 80 37 88 38 9 1 41 29 10 21 81 69 28 41 30 74 90 92 14 82 88 82 33 42 52 22 99 13 9 15 26 100 18 57 8 12 55 77 73 78 81 6 9 96 36 35 81 6 7 26 9 36 10 14 5 32 43 21 49 8 84 22 91 29 78 66 75 67 80 42 19 92 74 28 65 97 39 3 31
53 74 30 33 13 58 98 57 33 94 27 20 11 17 44 41 54 73 27 92 55 35 45 22 5 11 51 96 76 83 29 46 90 67 45 69 38 47 56 84 66 100 41 88 4 24 83 11 17 69 32 21 93 14 36 78 24 11 12 43 14 30 13 15 71 47 1 30 14 48 53 71 51 74 82 6 28 73 45 97 89 62 93 51 88 31 67 32 100 67 42 26 3 22 19 23 7 17 76 28
53 6 8 4 72 87 42 66 2 75 91 60 38 3 3 17 77 48 72 90 15 37 10 96 14 73 98 45 86 85 46 82 9 10 79 5 6 51 18 48 15 8 81 6 48 80 5 21 60 79 93 42 84 37 26 54 63 24 83 5 92 100 89 61 44 62 28 88 35 83 72 27 66 71 34 57 11 34 23 32 8 53 59 3 67 86 48 99 75 67 6 71 21 82 63 16 14 55 16 3
36 22 34 20 5 83 11 96 51 88 26 17 78 90 46 80 100 44 67 61 78 42 59 8 29 18 43 97 36 93 42 53 97 88 92 19 80 97 92 2 28 6 93 45 41 42 90 28 90 36 56 57 95 8 97 10 8 80 14 54 17 68 88 38 55 70 96 19 100 2 85 78 98 69 44 60 17 45 94 96 71 89 58 94 83 19 5 43 58 36 31 35 18 84 24 23 64 19 32 97
40 64 34 81 21 80 95 34 80 79 71 73 30 12 17 30 9 42 51 30 7 83 90 62 35 80 23 94 42 72 48 24 53 96 46 28 29 36 79 34 55 15 45 64 87 43 29 86 66 64 3 79 35 85 11 92 47 22 77 33 43 32 26 26 87 2 82 60 14 32 63 84 57 43 72 60 2 37 51 34 45 59 37 6 22 21 22 76 62 12 18 19 5 72 100 89 21 66 10 35
8 25 67 30 52 37 39 88 83 76 98 93 23 33 44 23 16 95 88 44 5 80 45 16 26 43 33 49 75 59 58 27 31 26 63 90 72 23 72 82 26 4 50 100 79 71 49 87 29 63 48 77 4 12 75 28 60 65 9 43 62 51 54 91 43 75 60 81 54 11 17 46 47 9 43 70 18 81 60 28 94 58 59 87 38 33 20 91 57 27 89 27 18 69 5 16 9 25 1 6
9 2 87 50 98 56 74 56 11 79 45 60 89 80 40 89 60 84 48 81 7 48 48 60 42 28 56 20 59 99 22 38 6 36 37 48 84 33 78 90 15 73 27 38 51 100 14 16 45 11 79 67 33 65 18 72 99 66 3 60 30 33 80 5 96 29 45 26 3 34 27 52 42 79 59 6 88 22 28 75 14 99 8 20 34 81 47 24 76 21 18 53 34 32 98 70 28 53 21 66
40 22 10 9 67 5 30 64 29 7 23 15 26 3 16 64 100 24 4 15 34 90 36 2 20 48 20 14 94 36 82 27 95 26 18 57 74 3 25 93 76 2 81 20 50 41 99 3 86 47 52 79 24 69 70 27 6 83 95 17 9 38 96 25 45 88 71 30 12 40 91 67 50 35 53 50 57 72 97 25 84 9 27 73 55 26 64 68 2 68 5 46 38 14 46 56 100 44 53 82
17 94 46 36 40 15 44 100 80 100 41 78 17 7 38 68 66 57 78 81 22 8 80 22 96 26 62 49 5 68 21 66 100 59 99 7 20 53 20 79 62 92 32 79 51 40 56 25 50 74 71 55 64 61 20 64 43 76 70 22 69 7 94 37 62 84 6 84 8 78 83 30 16 89 58 98 49 80 81 60 99 69 73 80 30 79 79 6 65 42 15 21 34 42 48 80 10 70 79 43
18 77 48 86 61 36 91 25 23 68 61 64 24 73 74 78 38 68 71 34 31 98 96 93 49 27 8 79 13 39 10 4 4 35 64 19 82 23 59 7 5 63 21 14 9 36 75 40 2 95 91 12 47 77 31 14 63 10 37 5 46 80 30 8 65 43 94 12 19 83 5 64 59 78 92 6 55 40 23 78 4 85 52 61 1 59 74 92 18 73 7 51 34 57 20 81 20 13 10 86
67 92 82 37 81 52 30 23 86 59 60 76 94 16 80 77 69 8 22 24 84 75 50 77 32 33 28 45 59 58 20 1 63 46 14 12 87 81 52 50 45 23 48 7 82 80 89 24 37 8 67 28 75 37 71 2 57 86 77 35 57 17 13 48 90 77 5 67 9 70 17 19 16 45 44 1 51 3 59 41 92 55 41 26 9 1 33 19 88 59 93 99 61 10 100 20 60 37 26 5
83 90 49 69 89 9 92 96 12 20 84 33 52 25 63 17 57 71 64 48 2 11 2 49 9 46 17 1 54 1 23 97 1 74 24 25 29 3 84 51 87 28 94 84 37 53 14 81 78 22 1 52 98 28 5 22 48 37 68 31 64 71 62 38 56 49 63 99 2 15 67 22 31 57 24 41 20 69 70 34 98 70 83 16 17 40 46 56 38 69 42 37 29 13 19 81 46 63 41 94
60 93 38 5 76 31 27 25 60 7 71 12 32 68 78 12 55 32 12 1 26 56 2 71 66 73 28 47 60 13 54 51 22 5 73 60 18 73 13 67 47 60 92 64 23 43 38 91 63 9 17 40 82 74 12 6 14 17 75 25 62 95 91 90 73 54 44 84 37 15 4 76 86 81 98 48 57 51 16 70 58 21 3 85 65 22 93 58 58 90 26 25 8 63 14 82 49 62 74 3
45 98 51 52 23 56 50 22 33 73 51 73 35 45 63 52 3 96 92 51 65 72 23 45 87 23 61 40 96 91 88 59 65 29 67 70 58 74 49 65 43 72 43 35 82 41 52 38 88 17 1 8 64 79 22 68 49 19 48 20 29 43 39 11 55 24 35 92 78 47 90 89 75 1 36 53 72 8 12 89 16 16 85 46 79 67 65 91 48 54 21 97 82 52 24 7 98 72 59 91
56 43 75 55 29 75 23 2 57 4 69 83 15 90 6 45 41 96 18 24 66 68 94 60 75 99 2 47 87 56 19 66 99 77 70 49 96 23 27 48 100 72 28 79 69 6 54 56 34 29 62 28 68 42 71 68 97 56 23 56 48 21 44 19 20 91 1 97 46 80 17 20 2 59 61 89 42 28 85 52 59 100 97 68 79 3 42 83 68 27 25 40 22 46 45 11 10 4 48 53
94 42 3 45 70 31 91 33 98 93 49 57 12 20 83 95 29 20 85 54 23 4 41 13 61 52 30 89 86 75 85 51 4 70 71 21 77 26 56 43 62 56 92 14 48 32 71 69 56 83 71 8 98 15 74 18 85 18 20 54 27 37 98 30 48 95 16 17 22 69 22 64 24 90 41 4 59 85 2 94 90 87 44 99 70 59 71 79 30 84 25 18 46 71 76 54 87 38 63 60
10 48 50 50 53 98 5 26 99 84 100 90 5 46 93 88 3 54 71 32 72 27 67 80 2 35 15 76 39 74 3 92 5 87 71 7 37 36 74 41 33 15 33 34 72 100 45 98 92 47 71 9 8 90 30 33 96 50 91 30 17 51 100 74 54 50 99 38 88 45 30 81 75 99 69 36 2 29 12 2 26 17 87 67 76 61 96 33 52 12 55 90 57 78 34 93 61 49 44 67
71 45 41 2 37 20 3 46 61 82 6 32 40 57 43 1 9 57 7 15 29 65 96 75 39 86 93 91 99 56 91 34 100 86 29 39 6 26 76 75 12 27 52 4 35 95 66 42 80 86 62 52 35 69 74 89 95 23 10 29 20 35 56 64 61 18 92 69 43 64 60 99 23 58 65 5 90 28 93 80 3 74 18 68 59 63 69 28 6 46 97 18 55 89 15 43 100 61 49 91
7 88 91 54 33 86 89 56 46 58 100 38 12 44 14 54 1 13 93 72 90 55 80 59 56 100 15 45 86 34 88 14 7 29 20 40 12 24 97 88 26 6 75 57 73 69 10 79 80 42 93 38 24 37 85 28 80 54 53 93 84 61 18 14 11 14 60 62 7 14 44 94 75 3 26 87 23 47 38 47 40 65 50 52 77 28 51 68 67 16 81 71 64 19 6 91 54 53 47 39
74 100 86 90 45 11 32 94 3 66 23 61 27 35 100 72 31 56 70 9 4 6 83 43 20 55 52 48 48 84 49 58 81 25 51 95 39 45 74 69 60 4 19 34 14 65 43 1 16 10 99 100 48 9 2 97 62 65 33 81 30 76 86 45 84 45 32 82 13 88 64 39 49 4 57 41 52 49 94 35 6 90 24 44 66 83 92 58 28 74 27 80 67 29 65 60 35 64 72 59
24 46 94 14 56 67 18 44 74 48 74 6 74 83 91 51 95 61 3 28 69 89 17 31 9 19 55 65 10 23 31 85 44 21 95 62 55 67 4 28 63 10 59 11 73 33 4 25 66 14 95 37 48 3 68 47 37 58 28 49 33 74 86 97 16 74 16 49 100 96 54 28 20 19 49 36 66 13 86 36 56 80 58 32 23 11 90 59 17 34 8 45 88 96 68 19 32 74 9 61
6 24 36 74 20 90 16 63 40 2 45 58 88 54 86 13 33 90 29 48 37 83 70 40 63 53 33 10 45 63 70 56 44 38 55 7 97 9 99 79 13 28 69 59 15 75 41 16 69 39 28 70 16 68 3 14 10 6 17 19 7 30 7 88 52 91 65 19 59 35 99 100 75 44 26 5 17 61 81 54 5 70 24 64 87 15 24 55 81 38 29 74 41 87 11 40 89 1 20 81
15 31 60 78 72 25 69 2 9 10 26 21 60 24 15 47 1 34 94 51 60 5 64 62 40 53 51 64 55 40 60 78 57 43 46 45 27 60 77 62 31 91 82 91 18 92 24 99 63 67 8 58 52 96 82 60 47 54 59 85 26 71 44 21 44 49 17 46 4 60 47 14 88 41 11 15 83 35 15 75 68 56 68 97 47 14 80 4 67 9 55 89 78 38 72 3 72 26 44 27
10 98 73 30 64 78 6 49 87 27 9 76 53 82 32 79 30 72 84 49 7 53 62 70 94 54 96 96 86 18 64 30 31 80 9 86 14 99 7 9 42 63 17 26 73 57 57 56 6 9 8 80 36 44 58 78 56 82 32 8 6 81 41 30 14 1 18 9 7 27 74 40 32 13 3 8 45 1 10 52 37 14 100 57 2 76 53 71 55 14 33 82 59 27 62 43 39 54 33 56
42 8 18 96 57 37 83 87 28 34 66 67 44 78 26 67 43 78 75 45 63 59 54 46 46 52 77 5 66 66 9 7 91 85 61 23 73 31 38 59 63 64 88 69 96 97 36 43 62 83 86 46 12 56 100 22 90 4 84 9 47 6 14 9 92 86 17 24 68 56 15 35 98 27 45 95 47 16 62 64 1 73 16 71 63 14 57 12 64 35 12 49 50 76 44 95 78 98 6 75
2 96 66 88 72 70 37 51 47 10 54 7 76 93 71 49 62 72 99 61 67 48 45 15 95 87 96 20 56 90 94 52 15 66 36 93 49 3 96 71 74 11 58 28 64 42 45 6 38 79 37 96 36 25 34 42 58 92 73 98 15 19 95 23 63 90 8 3 94 84 5 70 54 20 13 11 37 98 90 60 55 54 96 82 26 4 64 90 35 34 59 58 98 95 62 73 66 81 66 66
43 15 25 4 41 73 87 75 14 36 24 66 77 13 15 11 2 82 12 87 30 86 70 83 91 87 47 40 84 30 82 66 39 30 28 89 93 32 61 65 64 11 1 65 100 73 98 6 3 67 87 25 91 55 71 75 30 63 34 82 14 69 89 26 51 50 74 58 56 32 30 44 6 41 10 55 29 17 41 68 34 60 32 89 78 25 61 59 76 95 10 54 94 83 26 15 94 75 14 77
40 14 50 69 73 52 79 5 14 57 25 65 67 35 58 30 27 25 96 70 48 39 41 68 93 71 61 28 13 73 38 28 64 48 61 72 32 30 72 92 52 38 64 32 1 45 24 71 2 82 25 1 47 19 89 64 20 2 7 63 31 92 32 10 27 49 4 21 96 33 40 39 48 96 33 18 36 81 67 22 84 93 31 56 69 6 95 15 41 95 87 77 45 48 29 91 63 34 14 83
52 94 96 10 12 9 5 75 9 9 19 11 43 85 34 19 5 94 50 31 81 26 61 37 18 28 4 7 11 26 55 82 97 9 24 69 5 52 2 54 84 96 63 16 68 46 26 9 100 54 24 18 41 4 57 49 15 94 23 19 75 38 32 40 70 10 40 100 44 90 11 96 12 29 4 42 68 53 52 62 81 65 83 67 75 32 40 38 51 80 44 21 47 17 44 19 84 49 28 24
7 33 76 81 93 74 59 86 69 49 51 48 100 52 72 58 65 55 57 95 71 48 88 47 75 100 15 56 38 98 71 87 72 73 46 60 13 9 5 27 100 27 79 61 11 3 82 95 77 56 64 29 95 92 7 40 87 49 73 38 49 100 66 55 73 80 36 54 73 75 73 77 70 30 49 10 75 51 95 46 33 4 25 44 94 41 65 60 6 99 91 26 21 73 29 59 8 97 22 90
100 76 70 60 33 82 36 54 35 74 29 72 59 34 97 59 88 63 5 55 34 3 36 4 93 35 88 59 64 65 20 94 95 56 15 92 39 48 16 62 60 28 93 15 89 62 35 16 10 78 12 33 22 83 88 55 13 68 54 7 92 30 19 80 25 79 61 81 78 23 77 10 93 75 99 17 18 37 80 68 8 62 90 87 6 7 100 96 54 54 100 84 42 56 2 32 84 89 52 36
16 4 88 49 39 58 39 93 81 78 78 58 57 3 75 7 27 6 83 75 36 62 10 28 57 69 89 59 60 58 83 55 59 82 4 20 41 81 64 59 12 89 23 44 1 61 34 27 71 56 45 51 6 44 20 33 32 84 1 61 26 22 64 20 77 73 41 27 61 99 15 79 58 79 22 86 22 40 92 90 47 69 46 85 77 84 98 98 9 82 45 86 13 16 97 98 85 26 12 9
31 58 92 98 23 36 64 6 73 79 45 44 79 51 91 53 56 10 67 99 63 37 41 1 90 30 83 25 2 53 52 87 24 72 35 30 82 22 76 42 92 88 93 61 87 35 67 6 56 10 52 100 58 37 93 35 49 18 53 46 18 96 57 93 44 38 4 73 61 72 98 34 43 37 68 94 79 71 2 41 20 8 85 37 54 5 14 19 9 38 89 55 12 69 31 66 74 72 2 58
99 55 6 8 65 43 85 1 92 98 25 94 49 39 26 11 23 73 59 62 26 36 53 90 15 36 91 11 2 2 6 45 4 45 45 74 63 74 77 4 32 49 86 84 42 1 82 80 72 94 84 88 21 9 6 94 53 96 100 95 9 92 96 58 72 49 93 40 13 14 64 66 20 71 87 4 24 28 67 18 39 55 22 73 58 21 56 35 85 89 10 72 27 78 28 38 79 8 9 40
90 35 50 59 37 68 80 53 2 22 99 80 7 44 67 20 36 36 79 5 71 84 1 84 55 36 17 19 81 37 66 64 26 17 47 47 21 85 3 5 97 33 75 74 36 14 33 53 60 22 50 8 47 76 6 51 66 50 68 59 14 97 34 52 34 60 42 58 21 2 14 25 65 2 38 48 42 76 12 90 41 55 50 8 65 5 52 42 95 75 49 73 78 11 80 69 61 64 36 69
94 93 33 44 33 65 50 83 82 79 74 25 40 42 91 82 5 4 32 13 87 41 20 5 69 7 16 63 12 40 21 82 58 5 94 40 37 2 65 33 58 34 5 15 96 13 57 49 83 17 80 44 69 50 17 47 63 46 91 50 95 94 32 71 99 47 63 2 22 65 28 96 67 98 41 47 82 22 60 65 43 66 94 90 30 84 31 7 44 91 48 61 5 36 83 63 71 9 15 62
20 26 90 75 77 46 24 38 17 7 31 14 57 22 5 76 81 81 83 22 69 15 35 57 55 72 88 30 68 30 6 79 26 84 13 58 84 38 32 40 42 22 63 48 77 34 38 13 67 82 9 66 36 73 56 33 4 60 56 85 20 99 77 18 85 25 67 53 100 51 72 36 44 24 76 55 71 8 88 10 19 3 85 61 50 42 44 67 44 5 27 26 9 59 51 66 68 31 65 32
90 32 64 63 68 37 13 24 59 31 11 35 38 16 10 22 79 12 66 41 81 71 80 35 38 39 40 96 83 24 39 84 68 33 97 37 54 9 88 45 73 32 47 100 40 9 37 5 56 94 54 67 52 18 33 30 86 90 28 20 48 26 81 28 51 3 26 25 73 52 67 56 18 50 20 32 80 14 6 62 23 85 17 94 59 78 56 65 91 4 92 93 68 66 58 79 72 74 15 36
41 30 7 76 64 94 35 68 18 50 69 18 37 99 29 90 50 35 90 95 48 38 43 1 66 72 92 87 45 45 68 78 71 27 24 21 36 39 32 39 87 91 70 15 51 44 100 26 77 8 30 73 49 3 85 93 20 16 73 19 47 12 98 98 15 62 17 32 38 85 25 70 99 3 36 47 95 75 10 88 30 35 46 73 38 24 63 20 58 90 73 4 11 7 44 97 84 77 36 7
11 9 100 37 29 48 48 89 23 8 98 29 8 94 32 44 50 24 88 96 45 14 54 44 51 67 66 7 11 38 75 68 93 86 4 67 22 8 30 13 17 20 51 16 77 7 37 35 31 7 68 14 48 64 30 77 37 64 57 11 99 95 35 73 61 49 77 13 65 28 74 31 83 98 100 47 57 8 85 5 64 26 39 9 76 8 62 97 87 76 56 74 52 6 72 56 4 9 48 63
11 92 80 39 43 10 6 11 21 38 63 54 45 4 22 58 57 93 54 42 95 66 43 52 48 88 73 28 56 38 43 24 95 44 27 2 19 65 19 99 69 26 53 86 78 30 24 65 90 93 10 35 4 91 90 76 88 53 99 42 99 45 40 49 54 100 72 2 30 14 82 84 96 34 89 49 87 63 53 61 79 66 57 77 37 33 38 11 43 89 10 72 59 2 23 26 11 16 11 5
99 82 75 42 42 90 96 52 24 15 6 27 93 13 41 10 48 48 70 36 83 32 38 11 6 43 15 18 83 36 83 6 48 80 95 20 68 32 58 5 85 39 38 19 68 98 56 88 60 95 26 8 32 14 43 36 23 46 40 66 57 8 90 85 52 13 45 23 54 95 26 94 10 43 25 84 63 26 70 45 36 30 63 83 27 18 84 26 69 87 94 34 26 59 30 98 14 64 69 11
15 59 53 82 67 5 59 71 35 19 5 91 82 37 92 81 3 46 66 57 54 81 13 81 57 55 40 78 24 69 60 59 56 31 99 33 53 27 13 84 99 69 47 93 85 61 73 61 61 61 33 9 8 44 18 68 55 70 20 63 13 33 92 68 76 53 40 11 70 45 22 30 60 30 29 87 81 82 90 80 25 74 65 43 45 93 40 79 16 77 17 43 53 7 39 66 24 35 92 29
43 90 6 54 45 17 11 38 54 55 68 13 94 62 61 17 8 67 60 97 75 64 21 29 60 88 9 32 7 6 62 85 92 46 30 75 23 82 29 4 83 64 78 21 16 90 15 65 61 82 20 47 100 11 30 89 82 15 68 19 34 63 59 21 54 98 36 59 69 68 23 27 2 22 100 16 60 52 93 89 11 15 66 69 29 50 1 71 90 36 42 11 68 12 95 20 67 65 26 92
80 49 32 53 98 16 3 18 14 17 43 59 36 65 45 66 27 73 25 24 10 76 38 11 78 22 54 10 80 87 24 38 55 11 13 100 55 50 26 82 25 45 15 94 79 41 6 11 28 36 68 2 57 26 57 24 87 76 19 75 6 89 56 98 19 35 70 43 69 85 9 53 78 20 4 87 96 86 68 43 24 55 96 3 95 35 66 22 64 12 100 60 71 47 48 52 60 5 82 43
92 32 100 82 100 89 9 20 3 25 87 84 82 5 74 50 85 10 21 96 25 41 63 39 36 39 20 60 21 65 63 62 28 92 8 86 64 66 15 63 28 93 59 48 27 4 42 15 17 35 54 7 21 83 33 74 42 99 2 85 82 71 15 50 86 28 56 65 25 49 89 26 51 42 77 67 90 38 47 62 100 47 37 42 80 81 85 31 23 95 4 36 80 23 23 25 40 17 56 6
24 12 5 35 76 77 44 22 80 5 43 99 50 17 83 3 8 1 53 60 33 14 93 72 91 85 19 41 55 14 44 2 64 33 17 17 3 73 100 21 8 19 60 75 7 94 19 36 10 41 43 5 39 80 33 79 2 21 54 21 11 91 45 1 42 74 82 49 32 22 97 40 51 89 3 56 67 17 98 33 96 82 44 84 52 18 85 18 17 42 1 1 92 9 82 34 21 37 64 25
11 97 72 66 13 19 31 36 91 78 63 55 62 4 12 70 42 55 12 92 34 50 41 82 23 47 15 50 6 11 51 42 64 18 52 100 13 29 98 94 81 98 26 38 19 35 42 64 3 24 2 63 10 95 87 82 34 69 53 45 41 12 94 45 72 72 81 61 39 87 86 46 74 64 43 94 84 19 68 33 85 36 43 64 47 90 10 67 10 48 63 58 89 56 7 37 33 83 64 46
24 25 40 4 62 29 38 2 12 20 88 40 55 75 12 14 13 32 80 60 16 28 1 34 58 79 4 6 60 99 96 51 24 6 68 9 86 64 48 23 72 86 35 88 77 58 64 2 96 75 63 1 18 4 28 77 69 28 77 20 81 61 45 95 38 84 57 91 76 81 92 64 87 9 68 2 42 100 99 40 82 28 45 62 21 64 50 6 86 17 32 75 65 49 71 87 18 9 81 44
6 61 75 74 50 48 49 79 44 66 74 88 62 79 98 79 62 72 29 66 4 41 43 36 42 61 59 79 21 71 22 75 62 88 19 25 60 29 92 80 62 71 24 89 34 64 40 45 55 17 57 77 68 59 31 49 61 28 80 39 55 4 25 68 98 52 70 32 50 70 18 27 32 11 1 31 2 6 65 42 54 19 80 86 73 36 8 16 47 31 74 54 67 65 66 39 44 59 87 69
48 44 59 50 98 43 69 80 51 51 34 56 69 36 24 30 56 1 42 44 22 84 42 80 82 78 12 32 86 49 3 45 65 100 18 100 36 58 61 58 8 10 31 90 86 71 96 85 68 68 36 41 4 71 87 55 55 43 36 64 38 77 21 7 57 20 53 45 46 37 80 73 6 18 20 84 60 17 33 10 38 22 88 3 51 15 93 45 63 88 79 69 54 99 37 85 5 57 34 30
32 11 38 91 33 48 40 94 38 60 33 14 73 63 52 83 37 84 4 86 37 53 18 45 41 80 35 67 69 35 46 37 10 100 28 34 84 69 85 89 78 24 6 44 86 71 84 63 80 75 17 84 82 86 24 19 6 47 20 79 72 89 16 56 36 49 73 3 76 79 13 87 83 12 72 98 68 77 50 53 90 19 83 13 5 70 35 99 67 24 27 19 55 21 66 29 2 13 25 61
72 35 13 82 36 4 85 61 4 59 4 40 29 72 6 33 63 99 5 41 91 96 44 64 97 34 6 50 92 69 24 33 36 97 36 37 11 96 31 68 97 36 80 20 39 35 91 54 28 51 88 74 46 15 91 37 74 47 65 6 18 80 23 34 30 13 35 80 55 33 69 45 12 31 59 21 23 99 21 6 63 12 32 16 23 43 49 79 32 34 23 66 77 99 21 6 71 43 27 23
76 51 76 9 81 62 16 27 12 29 20 61 80 20 23 53 92 75 85 42 28 33 20 48 99 60 94 75 94 98 50 66 94 57 2 67 63 19 50 71 72 4 60 85 4 36 11 40 56 48 4 89 13 85 3 10 53 70 7 77 16 80 4 86 88 11 57 13 70 83 24 39 42 72 26 43 3 40 65 13 91 44 64 53 72 11 33 14 51 30 10 10 12 36 91 9 16 58 1 76
51 86 55 1 78 46 9 86 44 68 5 92 57 14 95 66 88 33 10 26 50 55 21 31 32 17 73 73 29 49 100 11 38 52 15 84 8 62 17 56 12 16 95 94 22 47 24 43 47 64 90 33 20 90 40 7 88 88 35 57 55 24 12 52 58 81 68 48 23 38 26 30 90 64 38 13 14 26 88 81 93 32 16 51 94 5 53 96 93 10 77 65 26 84 60 48 44 21 17 25
