75 3
49 21 162 27
90 59 163 126
140 26 172 136
22 58 69 167
113 57 124 95
67 1 97 102
97 153 186 165
108 115 140 149
46 51 121 155
104 18 128 88
90 99 172 125
142 64 197 107
22 28 99 143
52 99 179 150
68 71 173 131
60 163 199 181
13 68 190 95
90 84 176 142
136 10 142 187
6 101 113 172
40 42 98 113
50 55 60 142
100 46 188 197
86 125 152 196
85 29 143 135
149 89 167 188
61 42 160 117
190 25 196 167
5 158 112 186
100 146 126 194
57 27 112 86
20 33 187 88
17 118 145 183
82 190 92 191
57 115 121 157
31 21 137 140
54 30 98 125
5 82 22 182
88 119 110 132
94 17 146 35
137 91 153 143
11 142 132 196
32 4 154 43
41 48 123 124
72 122 154 135
21 57 165 147
134 98 191 176
16 24 109 139
81 114 138 189
13 57 94 181
81 3 120 33
57 108 195 199
8 122 183 150
88 10 193 177
131 87 177 99
66 28 154 128
154 161 162 172
59 28 71 80
187 56 190 141
38 67 164 89
169 36 170 156
152 21 193 190
149 155 155 193
23 86 171 158
42 24 59 119
167 112 192 129
10 80 126 183
21 67 29 71
24 88 154 186
11 34 133 187
105 4 133 199
3 16 92 21
99 151 189 186
123 37 133 84
1 76 52 171
