721
15 273
720 236
84 506
231 708
580 80
369 357
129 144
209 351
252 101
35 142
103 457
617 629
427 195
621 183
48 588
128 586
683 347
634 190
370 314
28 558
668 79
150 96
491 496
191 128
411 111
239 143
42 588
88 58
61 588
510 398
351 700
446 252
535 20
450 702
336 716
394 155
228 303
494 94
284 501
315 619
613 515
560 446
534 52
449 588
87 625
656 481
81 634
135 572
467 242
244 551
698 684
466 253
652 13
708 709
672 88
594 374
500 370
610 3
508 159
256 235
120 276
565 566
245 429
601 519
648 320
18 145
60 204
262 184
570 330
19 42
487 650
575 307
417 327
440 117
63 489
605 118
436 402
190 248
276 363
192 215
252 124
687 399
615 283
252 397
253 647
368 202
383 291
243 599
275 113
5 304
642 600
111 133
65 78
37 588
124 640
250 705
265 439
517 349
654 588
703 608
252 636
609 633
54 240
13 461
89 678
632 157
448 318
14 166
447 471
493 238
57 623
696 261
242 711
333 545
474 547
419 664
189 257
274 466
273 721
558 408
230 679
43 170
549 584
51 352
305 154
307 615
196 25
665 378
32 252
418 2
576 458
6 588
590 6
673 602
140 239
396 152
552 437
374 406
69 254
252 672
296 622
514 71
223 323
75 264
41 482
691 532
236 653
186 418
485 491
79 557
437 93
327 306
240 686
488 401
407 567
412 630
268 169
266 379
629 241
574 376
188 315
99 335
602 146
157 465
12 528
545 369
132 39
279 463
480 388
257 605
413 218
33 14
432 120
456 66
220 43
644 90
544 50
356 31
52 223
661 606
105 692
206 57
147 588
254 175
649 536
553 414
433 110
226 368
651 494
263 504
252 568
110 422
193 531
614 46
626 360
618 624
50 655
479 581
286 64
543 387
251 99
492 15
363 222
283 339
30 626
8 563
622 85
297 413
316 252
94 189
247 478
289 680
40 179
588 227
690 274
593 561
328 40
221 553
346 577
96 473
559 546
64 62
153 147
311 620
528 614
367 444
208 375
655 550
125 441
639 424
213 305
222 244
233 247
21 673
548 348
564 185
496 104
183 358
695 168
513 228
441 380
71 495
348 271
587 610
588 91
429 440
551 510
180 687
91 644
628 467
442 460
78 412
454 435
17 82
198 486
692 695
320 391
350 243
215 522
502 252
337 427
572 41
166 337
232 455
489 162
681 173
168 668
248 34
716 588
630 689
406 565
620 505
97 105
288 289
694 26
536 451
171 419
92 221
252 480
636 346
200 115
185 130
588 712
431 313
410 713
27 340
238 462
126 149
680 681
98 450
539 683
116 549
671 469
568 321
420 660
141 607
501 224
36 529
611 583
719 281
533 635
235 217
106 353
353 499
499 182
414 138
444 659
518 28
58 656
142 22
470 123
345 44
512 234
588 593
323 150
249 68
214 676
398 18
550 172
579 645
252 575
330 69
301 267
62 354
344 92
459 331
118 285
115 277
704 474
331 137
688 562
710 334
295 443
267 642
676 37
219 74
341 492
562 338
56 445
119 538
421 366
170 714
521 294
425 326
424 119
127 295
511 131
598 454
640 706
7 409
490 654
395 452
85 38
302 83
237 564
382 425
403 47
158 674
578 107
176 382
24 256
584 49
312 297
595 573
22 229
335 10
619 5
664 571
165 359
401 651
563 249
109 266
599 707
136 373
675 30
107 56
523 309
455 139
482 385
377 365
409 361
102 516
314 286
525 662
592 396
16 556
415 301
258 311
319 617
149 661
59 371
386 364
378 134
387 520
264 198
281 497
616 592
23 250
325 404
144 160
358 390
468 214
174 165
322 555
86 637
317 89
526 524
390 106
600 596
47 312
509 649
645 252
342 70
177 272
362 578
557 194
195 717
260 701
26 508
682 300
714 268
261 251
397 394
465 232
70 639
217 570
684 488
384 400
700 527
285 95
163 646
38 84
225 627
405 410
385 161
293 45
588 511
53 98
460 554
542 65
699 51
117 490
660 657
11 407
212 604
152 112
122 448
677 200
216 417
178 341
203 597
530 12
1 252
603 405
380 219
339 569
95 287
666 201
555 336
269 53
80 328
498 212
104 55
503 544
588 206
546 135
31 420
607 193
556 580
484 258
451 628
669 141
689 453
194 612
709 129
428 188
388 196
184 207
298 192
540 616
532 255
72 86
74 61
678 658
439 665
252 282
321 389
527 156
143 8
146 691
381 114
462 423
182 343
167 430
202 704
373 140
179 121
360 100
46 588
686 696
504 109
588 164
379 344
641 502
252 16
647 518
585 720
653 438
175 203
290 719
679 699
77 116
272 416
44 503
541 485
123 667
597 601
76 153
160 697
137 421
588 434
529 523
476 590
83 209
612 60
9 559
547 542
252 259
169 226
646 132
20 694
201 472
241 367
218 76
199 393
471 362
304 59
73 613
4 540
224 298
569 275
537 588
422 284
505 479
121 225
608 73
246 526
113 386
674 126
438 252
114 537
463 19
586 197
294 591
701 265
667 507
717 127
287 7
270 32
515 688
210 698
306 685
685 288
581 333
310 252
662 618
300 641
430 67
324 611
577 29
452 589
108 246
227 582
453 588
161 1
332 356
10 666
464 372
255 475
693 442
434 177
100 292
475 308
582 395
278 595
473 392
45 512
133 324
624 63
531 449
138 270
443 621
259 415
445 77
326 122
355 677
426 384
583 87
162 176
435 97
643 534
357 459
623 35
469 579
588 432
155 548
204 125
338 710
663 180
29 500
340 533
588 693
658 477
659 187
49 178
472 262
329 498
707 539
721 199
67 703
507 211
606 675
173 319
277 648
151 54
506 23
538 21
402 530
391 269
130 181
2 108
205 638
39 431
588 210
280 322
423 652
229 33
68 36
635 588
139 167
375 377
309 669
715 541
625 468
101 690
271 428
457 24
365 329
371 233
461 230
524 598
66 216
313 48
299 603
292 9
404 487
197 433
481 447
252 75
516 464
282 81
207 552
347 252
631 381
393 299
392 525
670 310
458 231
567 587
376 208
366 663
702 148
522 316
354 151
318 383
520 609
389 317
148 594
718 191
164 483
571 260
172 715
156 671
591 278
604 237
181 470
711 174
364 345
34 213
3 403
308 245
573 4
359 682
154 632
352 171
400 205
134 279
596 293
566 102
637 456
495 17
211 280
486 514
588 296
697 136
633 302
519 27
303 543
477 535
399 517
291 670
561 290
112 350
554 355
82 332
408 11
187 436
349 163
638 220
25 325
